4.56334e-05 9.12668e-05 0.000136501 0.000181148 0.000225105 0.000268309 0.000310718 0.0003523 0.000393033 0.000432898 0.000471883 0.000509974 0.000547163 0.000583441 0.000618801 0.000653237 0.000686744 0.000719317 0.000750952 0.000781645 0.000811393 0.000840193 0.000868043 0.00089494 0.000920881 0.000945866 0.000969891 0.000992956 0.00101506 0.0010362 0.00105637 0.00107558 0.00109382 0.0011111 0.0011274 0.00114274 0.00115711 0.0011705 0.00118293 0.00119438 0.00120486 0.00121437 0.0012229 0.00123046 0.00123705 0.00124267 0.00124731 0.00125098 0.00125368 0.0012554 0.00125616 0.00125594 0.00125474 0.00125258 0.00124944 0.00124533 0.00124026 0.00123421 0.00122719 0.00121921 0.00121025 0.00120033 0.00118945 0.0011776 0.00116478 0.00115101 0.00113627 0.00112057 0.00110391 0.0010863 0.00106773 0.00104821 0.00102774 0.00100631 0.000983944 0.000960629 0.000936371 0.000911175 0.000885041 0.000857975 0.00082998 0.000801058 0.000771216 0.000740457 0.000708787 0.000676211 0.000642737 0.00060837 0.000573121 0.000536997 0.00050001 0.000462172 0.000423499 0.000384008 0.00034372 0.000302664 0.000260874 0.000218395 0.000175294 0.000131665 8.76638e-05 4.35745e-05 
9.12668e-05 0.000181943 0.000271629 0.000360076 0.000447124 0.000532665 0.000616622 0.000698939 0.000779572 0.000858488 0.000935658 0.00101106 0.00108468 0.00115649 0.00122649 0.00129465 0.00136098 0.00142546 0.00148808 0.00154884 0.00160773 0.00166475 0.00171988 0.00177312 0.00182448 0.00187394 0.0019215 0.00196716 0.00201092 0.00205277 0.00209271 0.00213074 0.00216685 0.00220105 0.00223334 0.0022637 0.00229214 0.00231866 0.00234326 0.00236594 0.00238669 0.00240552 0.00242242 0.00243739 0.00245044 0.00246156 0.00247076 0.00247803 0.00248337 0.00248679 0.00248829 0.00248785 0.0024855 0.00248122 0.00247501 0.00246689 0.00245684 0.00244487 0.00243099 0.00241519 0.00239747 0.00237784 0.0023563 0.00233285 0.00230749 0.00228023 0.00225106 0.00221999 0.00218703 0.00215217 0.00211542 0.00207678 0.00203626 0.00199387 0.00194959 0.00190345 0.00185544 0.00180558 0.00175386 0.00170029 0.00164488 0.00158765 0.00152859 0.00146772 0.00140504 0.00134057 0.00127432 0.00120631 0.00113656 0.00106507 0.00099187 0.00091699 0.000840456 0.000762302 0.00068257 0.000601313 0.000518595 0.000434504 0.000349155 0.000262712 0.000175416 8.76442e-05 
0.000136501 0.000271629 0.000405046 0.000536503 0.00066582 0.000792864 0.000917536 0.00103976 0.00115948 0.00127664 0.00139121 0.00150315 0.00161244 0.00171905 0.00182297 0.00192417 0.00202264 0.00211836 0.00221133 0.00230153 0.00238896 0.0024736 0.00255545 0.0026345 0.00271074 0.00278417 0.00285479 0.00292258 0.00298754 0.00304967 0.00310897 0.00316543 0.00321905 0.00326983 0.00331776 0.00336284 0.00340507 0.00344445 0.00348097 0.00351464 0.00354545 0.00357341 0.00359851 0.00362075 0.00364012 0.00365664 0.0036703 0.0036811 0.00368904 0.00369413 0.00369635 0.00369572 0.00369222 0.00368588 0.00367668 0.00366462 0.00364972 0.00363196 0.00361136 0.00358791 0.00356162 0.00353248 0.00350051 0.00346571 0.00342807 0.00338761 0.00334432 0.00329821 0.00324928 0.00319755 0.003143 0.00308566 0.00302552 0.00296259 0.00289688 0.00282839 0.00275714 0.00268313 0.00260637 0.00252686 0.00244463 0.00235968 0.00227202 0.00218168 0.00208865 0.00199297 0.00189465 0.00179371 0.00169017 0.00158407 0.00147542 0.00136428 0.00125068 0.00113467 0.00101632 0.000895681 0.000772861 0.000647971 0.000521161 0.000392631 0.000262654 0.000131607 
0.000181148 0.000360076 0.000536503 0.000710201 0.000880988 0.00104872 0.0012133 0.00137462 0.00153262 0.00168724 0.00183843 0.00198615 0.00213037 0.00227105 0.00240817 0.0025417 0.00267164 0.00279795 0.00292063 0.00303965 0.00315501 0.0032667 0.0033747 0.00347901 0.00357962 0.00367651 0.00376969 0.00385915 0.00394487 0.00402686 0.00410511 0.00417962 0.00425037 0.00431738 0.00438063 0.00444012 0.00449585 0.00454782 0.00459602 0.00464045 0.00468112 0.00471801 0.00475114 0.00478049 0.00480607 0.00482787 0.00484591 0.00486017 0.00487065 0.00487737 0.00488031 0.00487948 0.00487489 0.00486652 0.00485439 0.0048385 0.00481884 0.00479542 0.00476825 0.00473732 0.00470264 0.00466421 0.00462204 0.00457613 0.00452648 0.0044731 0.004416 0.00435517 0.00429063 0.00422238 0.00415043 0.00407478 0.00399544 0.00391243 0.00382574 0.0037354 0.0036414 0.00354376 0.0034425 0.00333762 0.00322914 0.00311707 0.00300143 0.00288224 0.00275953 0.0026333 0.00250359 0.00237042 0.00223383 0.00209385 0.00195052 0.00180388 0.001654 0.00150092 0.00134474 0.00118552 0.0010234 0.000858488 0.000690967 0.000521047 0.000349002 0.000175178 
0.000225105 0.000447124 0.00066582 0.000880988 0.00109246 0.00130009 0.00150376 0.00170338 0.00189888 0.00209017 0.00227721 0.00245996 0.00263836 0.00281238 0.002982 0.00314718 0.00330791 0.00346415 0.0036159 0.00376313 0.00390583 0.00404399 0.00417758 0.00430661 0.00443105 0.00455091 0.00466617 0.00477683 0.00488287 0.00498429 0.00508108 0.00517325 0.00526078 0.00534366 0.00542191 0.0054955 0.00556444 0.00562873 0.00568836 0.00574333 0.00579364 0.00583929 0.00588027 0.00591659 0.00594823 0.00597522 0.00599753 0.00601518 0.00602817 0.00603648 0.00604013 0.00603912 0.00603345 0.00602312 0.00600812 0.00598848 0.00596418 0.00593522 0.00590163 0.00586339 0.0058205 0.00577299 0.00572084 0.00566407 0.00560267 0.00553667 0.00546605 0.00539083 0.00531102 0.00522662 0.00513764 0.00504409 0.00494598 0.00484332 0.00473612 0.00462439 0.00450815 0.00438741 0.00426217 0.00413247 0.00399832 0.00385973 0.00371672 0.00356932 0.00341756 0.00326145 0.00310104 0.00293635 0.00276741 0.00259429 0.00241701 0.00223564 0.00205023 0.00186087 0.00166763 0.00147062 0.00126996 0.0010658 0.000858301 0.000647688 0.000434219 0.000218204 
0.00026831 0.000532665 0.000792864 0.00104872 0.00130009 0.00154682 0.0017888 0.00202593 0.00225813 0.00248532 0.00270745 0.00292447 0.00313632 0.00334297 0.00354439 0.00374053 0.00393138 0.00411691 0.00429709 0.00447191 0.00464135 0.0048054 0.00496403 0.00511723 0.005265 0.00540732 0.00554418 0.00567557 0.00580148 0.00592191 0.00603685 0.00614629 0.00625022 0.00634865 0.00644155 0.00652895 0.00661081 0.00668715 0.00675797 0.00682325 0.00688299 0.0069372 0.00698587 0.007029 0.00706659 0.00709864 0.00712515 0.00714611 0.00716154 0.00717143 0.00717578 0.00717459 0.00716787 0.00715562 0.00713783 0.00711452 0.00708568 0.00705132 0.00701145 0.00696606 0.00691516 0.00685876 0.00679687 0.00672948 0.0066566 0.00657825 0.00649442 0.00640513 0.00631039 0.0062102 0.00610458 0.00599353 0.00587707 0.0057552 0.00562794 0.00549531 0.00535732 0.00521399 0.00506532 0.00491135 0.00475209 0.00458757 0.0044178 0.00424282 0.00406265 0.00387733 0.00368688 0.00349136 0.00329079 0.00308524 0.00287475 0.00265939 0.00243922 0.00221434 0.00198482 0.00175079 0.00151236 0.00126969 0.00102295 0.000772355 0.000518143 0.000260589 
0.000310718 0.000616622 0.000917536 0.0012133 0.00150376 0.0017888 0.00206829 0.00234214 0.00261027 0.0028726 0.00312906 0.00337961 0.00362418 0.00386274 0.00409525 0.00432168 0.00454198 0.00475614 0.00496414 0.00516594 0.00536152 0.00555088 0.00573399 0.00591084 0.00608141 0.00624568 0.00640366 0.00655533 0.00670067 0.00683969 0.00697236 0.00709869 0.00721867 0.00733228 0.00743953 0.00754041 0.00763492 0.00772305 0.00780479 0.00788015 0.00794913 0.00801171 0.00806789 0.00811769 0.00816109 0.0081981 0.00822871 0.00825293 0.00827075 0.00828218 0.00828721 0.00828586 0.00827812 0.00826399 0.00824348 0.00821659 0.00818332 0.00814368 0.00809767 0.0080453 0.00798658 0.0079215 0.00785007 0.00777231 0.00768822 0.0075978 0.00750107 0.00739803 0.0072887 0.00717309 0.0070512 0.00692304 0.00678864 0.00664801 0.00650115 0.00634809 0.00618885 0.00602343 0.00585187 0.00567418 0.00549039 0.00530051 0.00510459 0.00490264 0.00469471 0.00448082 0.00426102 0.00403535 0.00380385 0.00356659 0.00332362 0.00307501 0.00282083 0.00256117 0.00229614 0.00202584 0.0017504 0.00146998 0.00118475 0.0008949 0.000600657 0.000302268 
0.0003523 0.000698939 0.00103976 0.00137462 0.00170338 0.00202593 0.00234214 0.00265193 0.00295521 0.00325191 0.00354195 0.00382528 0.00410185 0.00437161 0.00463452 0.00489055 0.00513965 0.0053818 0.00561697 0.00584514 0.00606629 0.00628038 0.00648742 0.00668737 0.00688022 0.00706596 0.00724458 0.00741606 0.0075804 0.00773757 0.00788758 0.00803042 0.00816607 0.00829453 0.0084158 0.00852987 0.00863673 0.00873637 0.00882881 0.00891402 0.00899201 0.00906278 0.00912632 0.00918263 0.00923171 0.00927357 0.00930819 0.00933559 0.00935575 0.00936869 0.0093744 0.00937289 0.00936415 0.0093482 0.00932502 0.00929464 0.00925705 0.00921225 0.00916026 0.00910107 0.0090347 0.00896114 0.00888042 0.00879253 0.00869748 0.00859528 0.00848594 0.00836948 0.0082459 0.00811521 0.00797743 0.00783258 0.00768066 0.00752169 0.00735569 0.00718267 0.00700266 0.00681568 0.00662174 0.00642088 0.00621312 0.00599848 0.005777 0.00554871 0.00531364 0.00507184 0.00482335 0.00456821 0.00430648 0.00403822 0.00376349 0.00348236 0.00319491 0.00290124 0.00260144 0.00229564 0.00198396 0.00166654 0.00134357 0.00101521 0.000681678 0.000343196 
0.000393033 0.000779572 0.00115948 0.00153262 0.00189888 0.00225813 0.00261027 0.00295521 0.00329287 0.00362317 0.00394604 0.00426142 0.00456926 0.00486952 0.00516214 0.00544708 0.00572432 0.00599382 0.00625554 0.00650947 0.00675558 0.00699385 0.00722425 0.00744677 0.0076614 0.00786811 0.00806689 0.00825772 0.00844061 0.00861553 0.00878247 0.00894143 0.0090924 0.00923536 0.00937032 0.00949727 0.00961619 0.0097271 0.00982997 0.00992481 0.0100116 0.0100904 0.0101611 0.0102238 0.0102784 0.010325 0.0103636 0.0103941 0.0104165 0.0104309 0.0104373 0.0104356 0.0104259 0.0104082 0.0103824 0.0103486 0.0103068 0.010257 0.0101992 0.0101333 0.0100595 0.00997767 0.00988786 0.00979008 0.00968433 0.00957064 0.00944899 0.00931942 0.00918193 0.00903653 0.00888324 0.00872207 0.00855305 0.00837618 0.00819148 0.00799899 0.0077987 0.00759066 0.00737488 0.00715139 0.00692021 0.00668139 0.00643495 0.00618092 0.00591936 0.00565029 0.00537377 0.00508984 0.00479857 0.00450002 0.00419424 0.00388133 0.00356135 0.00323441 0.00290061 0.00256006 0.00221289 0.00185925 0.00149929 0.00113319 0.00076114 0.000383339 
0.000432898 0.000858488 0.00127664 0.00168724 0.00209017 0.00248532 0.0028726 0.00325191 0.00362317 0.00398631 0.00434126 0.00468795 0.00502635 0.00535638 0.00567802 0.00599121 0.00629593 0.00659213 0.00687979 0.00715887 0.00742936 0.00769123 0.00794445 0.00818901 0.00842489 0.00865207 0.00887053 0.00908027 0.00928126 0.0094735 0.00965698 0.00983169 0.00999761 0.0101547 0.0103031 0.0104426 0.0105733 0.0106952 0.0108082 0.0109125 0.0110079 0.0110945 0.0111722 0.0112411 0.0113012 0.0113524 0.0113948 0.0114283 0.011453 0.0114689 0.0114759 0.0114741 0.0114634 0.011444 0.0114157 0.0113786 0.0113326 0.0112779 0.0112144 0.011142 0.0110609 0.010971 0.0108724 0.0107649 0.0106487 0.0105238 0.0103902 0.0102478 0.0100967 0.00993699 0.00976857 0.00959148 0.00940577 0.00921143 0.00900849 0.00879697 0.0085769 0.0083483 0.0081112 0.00786562 0.0076116 0.00734917 0.00707836 0.00679921 0.00651177 0.00621608 0.00591219 0.00560016 0.00528003 0.00495188 0.00461578 0.0042718 0.00392004 0.00356057 0.00319352 0.00281898 0.0024371 0.002048 0.00165184 0.00124878 0.000838992 0.000422669 
0.000471883 0.000935659 0.00139121 0.00183843 0.00227721 0.00270745 0.00312906 0.00354195 0.00394604 0.00434126 0.00472753 0.00510481 0.00547303 0.00583215 0.00618212 0.00652288 0.00685442 0.00717669 0.00748966 0.0077933 0.00808758 0.00837247 0.00864797 0.00891403 0.00917065 0.00941781 0.00965548 0.00988366 0.0101023 0.0103115 0.0105111 0.0107011 0.0108817 0.0110526 0.011214 0.0113658 0.011508 0.0116406 0.0117636 0.011877 0.0119808 0.012075 0.0121596 0.0122346 0.0122999 0.0123557 0.0124018 0.0124383 0.0124652 0.0124824 0.0124901 0.0124882 0.0124766 0.0124555 0.0124247 0.0123843 0.0123344 0.0122749 0.0122058 0.0121272 0.0120389 0.0119412 0.0118339 0.011717 0.0115907 0.0114548 0.0113094 0.0111546 0.0109903 0.0108165 0.0106334 0.0104408 0.0102388 0.0100274 0.00980664 0.00957658 0.0093372 0.00908855 0.00883065 0.00856352 0.00828721 0.00800174 0.00770716 0.0074035 0.00709081 0.00676914 0.00643854 0.00609906 0.00575077 0.00539372 0.00502801 0.00465369 0.00427087 0.00387963 0.00348007 0.00307232 0.00265649 0.00223271 0.00180113 0.0013619 0.000915193 0.000461166 
0.000509974 0.00101106 0.00150315 0.00198615 0.00245996 0.00292447 0.00337961 0.00382528 0.00426142 0.00468795 0.00510481 0.00551193 0.00590927 0.00629676 0.00667437 0.00704204 0.00739974 0.00774744 0.0080851 0.00841269 0.00873017 0.00903753 0.00933475 0.00962179 0.00989864 0.0101653 0.0104217 0.0106678 0.0109037 0.0111294 0.0113447 0.0115498 0.0117445 0.0119289 0.012103 0.0122668 0.0124202 0.0125633 0.012696 0.0128184 0.0129304 0.013032 0.0131232 0.0132041 0.0132747 0.0133348 0.0133846 0.013424 0.013453 0.0134717 0.0134799 0.0134779 0.0134654 0.0134426 0.0134095 0.013366 0.0133121 0.013248 0.0131735 0.0130886 0.0129935 0.0128881 0.0127723 0.0126463 0.0125101 0.0123635 0.0122068 0.0120398 0.0118626 0.0116751 0.0114776 0.0112698 0.011052 0.010824 0.0105859 0.0103377 0.0100795 0.00981134 0.00953316 0.00924502 0.00894697 0.00863904 0.00832127 0.00799371 0.00765639 0.00730938 0.00695272 0.00658646 0.00621069 0.00582545 0.00543083 0.0050269 0.00461376 0.00419148 0.00376019 0.00331998 0.00287098 0.00241331 0.00194711 0.00147253 0.000989708 0.000498811 
0.000547163 0.00108468 0.00161244 0.00213037 0.00263836 0.00313632 0.00362418 0.00410185 0.00456926 0.00502635 0.00547303 0.00590927 0.00633499 0.00675016 0.00715472 0.00754863 0.00793184 0.00830433 0.00866606 0.00901699 0.00935711 0.00968637 0.0100048 0.0103122 0.0106088 0.0108944 0.0111691 0.0114328 0.0116855 0.0119272 0.0121579 0.0123775 0.0125861 0.0127837 0.0129702 0.0131456 0.01331 0.0134632 0.0136054 0.0137365 0.0138565 0.0139653 0.0140631 0.0141498 0.0142253 0.0142898 0.0143431 0.0143853 0.0144164 0.0144365 0.0144454 0.0144432 0.0144299 0.0144055 0.01437 0.0143234 0.0142658 0.0141971 0.0141173 0.0140265 0.0139246 0.0138117 0.0136878 0.0135528 0.0134069 0.01325 0.0130821 0.0129032 0.0127134 0.0125127 0.0123011 0.0120787 0.0118453 0.0116012 0.0113462 0.0110804 0.0108039 0.0105166 0.0102187 0.00991006 0.00959082 0.009261 0.00892063 0.00856977 0.00820845 0.00783672 0.00745465 0.0070623 0.00665972 0.00624698 0.00582417 0.00539135 0.00494862 0.00449607 0.00403379 0.0035619 0.00308051 0.00258975 0.00208973 0.00158061 0.00106251 0.000535592 
0.000583441 0.00115649 0.00171906 0.00227105 0.00281238 0.00334297 0.00386274 0.00437162 0.00486952 0.00535638 0.00583215 0.00629676 0.00675016 0.0071923 0.00762312 0.00804259 0.00845067 0.00884732 0.00923249 0.00960618 0.00996833 0.0103189 0.0106579 0.0109853 0.0113011 0.0116052 0.0118977 0.0121785 0.0124475 0.0127049 0.0129505 0.0131844 0.0134065 0.0136168 0.0138154 0.0140022 0.0141772 0.0143404 0.0144918 0.0146314 0.0147591 0.0148751 0.0149792 0.0150715 0.0151519 0.0152206 0.0152774 0.0153223 0.0153555 0.0153768 0.0153863 0.015384 0.0153699 0.0153439 0.0153062 0.0152566 0.0151953 0.0151221 0.0150372 0.0149406 0.0148321 0.014712 0.0145801 0.0144364 0.0142811 0.014114 0.0139353 0.013745 0.0135429 0.0133293 0.013104 0.0128672 0.0126188 0.0123589 0.0120874 0.0118045 0.0115101 0.0112043 0.0108871 0.0105586 0.0102187 0.00986756 0.00950518 0.00913161 0.0087469 0.00835111 0.00794428 0.00752649 0.00709778 0.00665825 0.00620795 0.00574696 0.00527538 0.0047933 0.00430081 0.00379801 0.00328503 0.00276196 0.00222895 0.00168611 0.00113358 0.000571494 
0.000618801 0.00122649 0.00182297 0.00240817 0.002982 0.00354439 0.00409525 0.00463453 0.00516214 0.00567802 0.00618212 0.00667437 0.00715472 0.00762312 0.00807953 0.00852389 0.00895618 0.00937635 0.00978436 0.0101802 0.0105638 0.0109352 0.0112943 0.011641 0.0119755 0.0122977 0.0126074 0.0129048 0.0131898 0.0134624 0.0137226 0.0139703 0.0142056 0.0144284 0.0146387 0.0148365 0.0150219 0.0151948 0.0153551 0.015503 0.0156383 0.0157611 0.0158714 0.0159692 0.0160544 0.0161271 0.0161873 0.0162349 0.0162701 0.0162927 0.0163028 0.0163003 0.0162854 0.0162579 0.016218 0.0161655 0.0161006 0.0160232 0.0159333 0.0158309 0.0157161 0.0155889 0.0154492 0.0152971 0.0151326 0.0149558 0.0147665 0.0145649 0.014351 0.0141247 0.0138862 0.0136354 0.0133724 0.0130971 0.0128096 0.01251 0.0121983 0.0118744 0.0115385 0.0111905 0.0108306 0.0104586 0.0100748 0.00967917 0.00927169 0.00885246 0.00842153 0.00797896 0.00752482 0.00705917 0.0065821 0.00609367 0.00559399 0.00508312 0.00456118 0.00402826 0.00348446 0.00292991 0.00236471 0.00178899 0.00120288 0.000606508 
0.000653237 0.00129465 0.00192417 0.0025417 0.00314718 0.00374053 0.00432168 0.00489055 0.00544708 0.00599121 0.00652289 0.00704204 0.00754863 0.00804259 0.00852389 0.00899248 0.00944833 0.00989138 0.0103216 0.010739 0.0111435 0.011535 0.0119137 0.0122793 0.012632 0.0129716 0.0132983 0.0136118 0.0139123 0.0141997 0.014474 0.0147352 0.0149833 0.0152182 0.01544 0.0156486 0.015844 0.0160263 0.0161953 0.0163512 0.0164939 0.0166234 0.0167397 0.0168428 0.0169327 0.0170094 0.0170729 0.0171231 0.0171602 0.0171841 0.0171947 0.0171922 0.0171765 0.0171475 0.0171054 0.0170502 0.0169817 0.0169002 0.0168054 0.0166975 0.0165765 0.0164424 0.0162952 0.0161349 0.0159615 0.015775 0.0155756 0.0153631 0.0151376 0.0148991 0.0146476 0.0143832 0.0141059 0.0138158 0.0135127 0.0131969 0.0128682 0.0125268 0.0121726 0.0118058 0.0114263 0.0110342 0.0106296 0.0102124 0.00978276 0.00934072 0.00888633 0.00841965 0.00794075 0.0074497 0.00694656 0.00643142 0.00590436 0.00536547 0.00481485 0.00425258 0.00367878 0.00309355 0.002497 0.00188925 0.00127042 0.000640626 
0.000686744 0.00136098 0.00202264 0.00267164 0.00330791 0.00393138 0.00454198 0.00513965 0.00572432 0.00629593 0.00685442 0.00739975 0.00793184 0.00845067 0.00895618 0.00944833 0.00992708 0.0103924 0.0108442 0.0112825 0.0117073 0.0121185 0.0125162 0.0129001 0.0132705 0.0136272 0.0139702 0.0142994 0.014615 0.0149168 0.0152049 0.0154791 0.0157396 0.0159863 0.0162192 0.0164383 0.0166435 0.0168349 0.0170125 0.0171762 0.017326 0.017462 0.0175842 0.0176924 0.0177869 0.0178674 0.0179341 0.0179869 0.0180258 0.0180509 0.0180621 0.0180595 0.018043 0.0180127 0.0179685 0.0179105 0.0178387 0.017753 0.0176536 0.0175403 0.0174133 0.0172725 0.0171179 0.0169496 0.0167676 0.0165719 0.0163624 0.0161393 0.0159026 0.0156522 0.0153882 0.0151106 0.0148195 0.0145148 0.0141967 0.013865 0.0135199 0.0131614 0.0127896 0.0124044 0.0120059 0.0115942 0.0111693 0.0107312 0.01028 0.00981584 0.00933864 0.00884852 0.00834553 0.00782976 0.00730127 0.00676015 0.00620646 0.0056403 0.00506177 0.00447094 0.00386793 0.00325284 0.00262577 0.00198684 0.00133616 0.000673838 
0.000719317 0.00142546 0.00211836 0.00279795 0.00346415 0.00411691 0.00475614 0.0053818 0.00599382 0.00659213 0.00717669 0.00774744 0.00830433 0.00884732 0.00937635 0.00989138 0.0103924 0.0108793 0.0113521 0.0118108 0.0122553 0.0126856 0.0131017 0.0135035 0.013891 0.0142642 0.0146231 0.0149676 0.0152978 0.0156136 0.015915 0.016202 0.0164746 0.0167327 0.0169764 0.0172056 0.0174204 0.0176206 0.0178064 0.0179777 0.0181345 0.0182769 0.0184047 0.018518 0.0186168 0.0187011 0.0187709 0.0188261 0.0188669 0.0188932 0.0189049 0.0189022 0.018885 0.0188533 0.0188071 0.0187464 0.0186713 0.0185817 0.0184777 0.0183592 0.0182264 0.0180791 0.0179174 0.0177414 0.017551 0.0173462 0.0171271 0.0168937 0.0166461 0.0163841 0.0161079 0.0158176 0.015513 0.0151942 0.0148614 0.0145144 0.0141534 0.0137783 0.0133893 0.0129863 0.0125694 0.0121386 0.011694 0.0112356 0.0107635 0.0102777 0.00977839 0.00926549 0.0087391 0.00819931 0.00764619 0.0070798 0.00650023 0.00590756 0.00530189 0.0046833 0.00405189 0.00340776 0.00275102 0.00208176 0.0014001 0.000706139 
0.000750952 0.00148808 0.00221133 0.00292063 0.0036159 0.00429709 0.00496414 0.00561697 0.00625554 0.00687979 0.00748966 0.0080851 0.00866606 0.0092325 0.00978436 0.0103216 0.0108442 0.0113521 0.0118453 0.0123237 0.0127874 0.0132362 0.0136701 0.0140892 0.0144934 0.0148827 0.015257 0.0156164 0.0159607 0.0162901 0.0166045 0.0169038 0.0171881 0.0174573 0.0177115 0.0179505 0.0181745 0.0183834 0.0185772 0.0187559 0.0189195 0.0190679 0.0192012 0.0193194 0.0194225 0.0195104 0.0195832 0.0196409 0.0196834 0.0197108 0.0197231 0.0197203 0.0197024 0.0196693 0.0196212 0.019558 0.0194796 0.0193863 0.0192778 0.0191543 0.0190158 0.0188622 0.0186936 0.0185101 0.0183115 0.018098 0.0178696 0.0176262 0.0173679 0.0170948 0.0168068 0.016504 0.0161863 0.015854 0.0155068 0.015145 0.0147685 0.0143774 0.0139716 0.0135513 0.0131165 0.0126672 0.0122035 0.0117255 0.0112331 0.0107264 0.0102055 0.00967052 0.00912142 0.0085583 0.00798125 0.00739033 0.00678563 0.00616721 0.00553518 0.00488962 0.00423062 0.00355828 0.0028727 0.00217398 0.00146222 0.000737521 
0.000781645 0.00154884 0.00230153 0.00303965 0.00376313 0.00447191 0.00516594 0.00584514 0.00650947 0.00715887 0.0077933 0.00841269 0.00901699 0.00960618 0.0101802 0.010739 0.0112825 0.0118108 0.0123237 0.0128213 0.0133035 0.0137703 0.0142216 0.0146574 0.0150778 0.0154826 0.0158719 0.0162456 0.0166038 0.0169463 0.0172732 0.0175845 0.0178801 0.0181601 0.0184244 0.0186731 0.018906 0.0191233 0.0193248 0.0195106 0.0196807 0.0198351 0.0199738 0.0200967 0.0202039 0.0202953 0.0203711 0.0204311 0.0204753 0.0205039 0.0205167 0.0205138 0.0204952 0.0204608 0.0204108 0.0203451 0.0202637 0.0201666 0.0200538 0.0199255 0.0197814 0.0196218 0.0194465 0.0192557 0.0190492 0.0188272 0.0185897 0.0183367 0.0180681 0.0177841 0.0174847 0.0171698 0.0168396 0.016494 0.016133 0.0157568 0.0153653 0.0149586 0.0145366 0.0140996 0.0136474 0.0131802 0.012698 0.0122008 0.0116887 0.0111618 0.01062 0.0100636 0.00949242 0.00890669 0.00830643 0.00769171 0.00706261 0.00641921 0.0057616 0.00508987 0.0044041 0.00370438 0.00299081 0.00226349 0.00152251 0.000767981 
0.000811393 0.00160773 0.00238896 0.00315501 0.00390583 0.00464135 0.00536152 0.00606628 0.00675558 0.00742936 0.00808758 0.00873017 0.00935711 0.00996833 0.0105638 0.0111435 0.0117073 0.0122553 0.0127874 0.0133035 0.0138037 0.0142878 0.014756 0.015208 0.015644 0.0160639 0.0164677 0.0168554 0.0172268 0.0175821 0.0179212 0.0182441 0.0185507 0.0188411 0.0191153 0.0193732 0.0196148 0.0198401 0.0200491 0.0202419 0.0204183 0.0205785 0.0207223 0.0208498 0.020961 0.0210559 0.0211344 0.0211967 0.0212426 0.0212722 0.0212856 0.0212826 0.0212633 0.0212277 0.0211759 0.0211077 0.0210233 0.0209227 0.0208058 0.0206727 0.0205233 0.0203578 0.020176 0.0199781 0.0197641 0.0195339 0.0192876 0.0190252 0.0187467 0.0184522 0.0181416 0.0178151 0.0174726 0.0171142 0.0167399 0.0163497 0.0159436 0.0155218 0.0150842 0.014631 0.014162 0.0136774 0.0131772 0.0126615 0.0121304 0.0115838 0.0110218 0.0104446 0.00985208 0.00924442 0.00862166 0.00798388 0.00733114 0.00666353 0.00598112 0.00528401 0.00457228 0.00384602 0.00310532 0.00235027 0.00158097 0.000797513 
0.000840193 0.00166475 0.0024736 0.0032667 0.00404398 0.0048054 0.00555088 0.00628038 0.00699385 0.00769123 0.00837247 0.00903753 0.00968637 0.0103189 0.0109352 0.011535 0.0121185 0.0126856 0.0132362 0.0137703 0.0142878 0.0147888 0.0152732 0.015741 0.0161922 0.0166267 0.0170445 0.0174455 0.0178299 0.0181975 0.0185484 0.0188825 0.0191998 0.0195003 0.0197839 0.0200508 0.0203008 0.0205339 0.0207502 0.0209497 0.0211322 0.021298 0.0214468 0.0215787 0.0216938 0.021792 0.0218733 0.0219377 0.0219853 0.022016 0.0220298 0.0220267 0.0220068 0.02197 0.0219164 0.0218459 0.0217586 0.0216545 0.0215336 0.0213959 0.0212414 0.0210702 0.0208822 0.0206774 0.020456 0.0202179 0.0199631 0.0196916 0.0194035 0.0190988 0.0187776 0.0184398 0.0180854 0.0177146 0.0173273 0.0169236 0.0165036 0.0160671 0.0156144 0.0151454 0.0146602 0.0141588 0.0136412 0.0131076 0.012558 0.0119924 0.0114109 0.0108135 0.0102003 0.00957146 0.00892693 0.00826681 0.00759118 0.00690012 0.00619371 0.00547203 0.00473516 0.00398319 0.00321621 0.00243431 0.00163758 0.000826112 
0.000868043 0.00171988 0.00255545 0.0033747 0.00417758 0.00496403 0.00573399 0.00648741 0.00722425 0.00794445 0.00864797 0.00933475 0.0100048 0.0106579 0.0112943 0.0119137 0.0125162 0.0131017 0.0136701 0.0142216 0.014756 0.0152732 0.0157734 0.0162563 0.0167221 0.0171707 0.0176021 0.0180162 0.018413 0.0187925 0.0191548 0.0194997 0.0198273 0.0201375 0.0204304 0.0207059 0.020964 0.0212047 0.021428 0.0216339 0.0218224 0.0219935 0.0221472 0.0222834 0.0224022 0.0225036 0.0225876 0.0226541 0.0227033 0.0227349 0.0227492 0.0227461 0.0227256 0.0226876 0.0226323 0.0225596 0.0224695 0.0223621 0.0222373 0.0220951 0.0219357 0.0217589 0.0215649 0.0213536 0.021125 0.0208792 0.0206162 0.020336 0.0200386 0.0197241 0.0193925 0.0190437 0.018678 0.0182952 0.0178954 0.0174787 0.017045 0.0165945 0.0161271 0.0156429 0.0151419 0.0146243 0.01409 0.0135391 0.0129716 0.0123876 0.0117871 0.0111703 0.0105372 0.00988778 0.00922219 0.00854047 0.00784271 0.00712897 0.00639934 0.00565389 0.00489271 0.00411588 0.00332348 0.00251561 0.00169234 0.000853776 
0.00089494 0.00177312 0.0026345 0.00347901 0.00430661 0.00511723 0.00591084 0.00668737 0.00744677 0.00818901 0.00891403 0.00962179 0.0103122 0.0109853 0.011641 0.0122793 0.0129001 0.0135035 0.0140892 0.0146574 0.015208 0.015741 0.0162563 0.016754 0.0172339 0.0176961 0.0181405 0.0185672 0.0189761 0.0193671 0.0197403 0.0200957 0.0204332 0.0207528 0.0210546 0.0213384 0.0216044 0.0218524 0.0220825 0.0222947 0.0224889 0.0226652 0.0228235 0.0229639 0.0230863 0.0231908 0.0232773 0.0233459 0.0233965 0.0234292 0.023444 0.0234408 0.0234196 0.0233806 0.0233236 0.0232487 0.0231559 0.0230453 0.0229167 0.0227704 0.0226061 0.022424 0.0222242 0.0220065 0.021771 0.0215178 0.0212469 0.0209582 0.0206519 0.0203279 0.0199863 0.019627 0.0192502 0.0188559 0.018444 0.0180147 0.0175679 0.0171038 0.0166222 0.0161234 0.0156073 0.0150739 0.0145234 0.0139558 0.0133711 0.0127693 0.0121506 0.011515 0.0108626 0.0101933 0.00950741 0.00880483 0.00808569 0.00735005 0.00659799 0.00582958 0.00504491 0.00424406 0.00342711 0.00259414 0.00174524 0.000880499 
0.000920881 0.00182448 0.00271074 0.00357962 0.00443105 0.005265 0.00608141 0.00688022 0.0076614 0.00842489 0.00917065 0.00989864 0.0106088 0.0113011 0.0119755 0.012632 0.0132705 0.013891 0.0144934 0.0150778 0.015644 0.0161922 0.0167221 0.0172339 0.0177275 0.0182028 0.0186598 0.0190986 0.0195191 0.0199212 0.020305 0.0206705 0.0210176 0.0213463 0.0216566 0.0219485 0.022222 0.022477 0.0227136 0.0229318 0.0231316 0.0233129 0.0234757 0.0236201 0.023746 0.0238535 0.0239425 0.024013 0.0240651 0.0240987 0.0241139 0.0241106 0.0240889 0.0240488 0.0239903 0.0239133 0.0238179 0.0237042 0.023572 0.0234215 0.0232527 0.0230655 0.02286 0.0226362 0.0223941 0.0221337 0.0218552 0.0215584 0.0212434 0.0209103 0.020559 0.0201896 0.0198022 0.0193967 0.0189732 0.0185317 0.0180723 0.017595 0.0170998 0.0165869 0.0160561 0.0155077 0.0149415 0.0143577 0.0137564 0.0131376 0.0125012 0.0118475 0.0111765 0.0104881 0.00978256 0.00905987 0.0083201 0.00756333 0.00678963 0.00599907 0.00519174 0.00436772 0.00352708 0.0026699 0.00179628 0.00090628 
0.000945866 0.00187394 0.00278417 0.00367651 0.00455091 0.00540732 0.00624568 0.00706596 0.00786811 0.00865207 0.00941781 0.0101653 0.0108944 0.0116052 0.0122977 0.0129716 0.0136272 0.0142642 0.0148827 0.0154826 0.0160639 0.0166267 0.0171707 0.0176961 0.0182028 0.0186907 0.0191599 0.0196103 0.020042 0.0204548 0.0208488 0.021224 0.0215803 0.0219177 0.0222363 0.0225359 0.0228167 0.0230785 0.0233214 0.0235454 0.0237505 0.0239366 0.0241038 0.024252 0.0243813 0.0244916 0.024583 0.0246554 0.0247089 0.0247435 0.0247591 0.0247557 0.0247335 0.0246923 0.0246322 0.0245533 0.0244554 0.0243387 0.024203 0.0240486 0.0238753 0.0236832 0.0234723 0.0232426 0.0229941 0.0227269 0.022441 0.0221363 0.0218131 0.0214711 0.0211106 0.0207314 0.0203337 0.0199175 0.0194828 0.0190297 0.0185581 0.0180681 0.0175599 0.0170333 0.0164884 0.0159254 0.0153442 0.0147449 0.0141276 0.0134923 0.012839 0.0121678 0.0114788 0.0107721 0.0100476 0.00930554 0.00854591 0.00776878 0.00697424 0.00616235 0.00533319 0.00448685 0.00362338 0.00274289 0.00184544 0.000931115 
0.000969891 0.0019215 0.00285479 0.00376969 0.00466617 0.00554418 0.00640366 0.00724458 0.00806689 0.00887053 0.00965548 0.0104217 0.0111691 0.0118977 0.0126074 0.0132983 0.0139702 0.0146231 0.015257 0.0158719 0.0164677 0.0170445 0.0176021 0.0181405 0.0186598 0.0191599 0.0196408 0.0201024 0.0205448 0.0209679 0.0213717 0.0217562 0.0221214 0.0224672 0.0227937 0.0231008 0.0233885 0.0236569 0.0239059 0.0241354 0.0243456 0.0245363 0.0247077 0.0248596 0.0249921 0.0251052 0.0251989 0.0252731 0.025328 0.0253634 0.0253794 0.025376 0.0253533 0.0253111 0.0252496 0.0251686 0.0250684 0.0249488 0.0248098 0.0246516 0.024474 0.0242772 0.024061 0.0238257 0.0235711 0.0232973 0.0230043 0.0226921 0.0223609 0.0220105 0.021641 0.0212525 0.0208449 0.0204184 0.0199729 0.0195085 0.0190253 0.0185232 0.0180023 0.0174626 0.0169042 0.0163272 0.0157315 0.0151173 0.0144846 0.0138334 0.0131638 0.0124759 0.0117696 0.0110452 0.0103026 0.00954184 0.0087631 0.0079664 0.00715181 0.0063194 0.00546925 0.00460143 0.00371602 0.00281309 0.00189272 0.000955002 
0.000992956 0.00196716 0.00292258 0.00385915 0.00477683 0.00567557 0.00655533 0.00741606 0.00825772 0.00908027 0.00988366 0.0106678 0.0114328 0.0121785 0.0129048 0.0136118 0.0142994 0.0149676 0.0156164 0.0162456 0.0168554 0.0174456 0.0180162 0.0185672 0.0190986 0.0196103 0.0201024 0.0205748 0.0210275 0.0214605 0.0218737 0.0222671 0.0226408 0.0229947 0.0233288 0.023643 0.0239375 0.0242121 0.0244669 0.0247018 0.0249168 0.0251121 0.0252874 0.0254429 0.0255785 0.0256942 0.0257901 0.0258661 0.0259222 0.0259585 0.0259749 0.0259715 0.0259482 0.0259051 0.0258422 0.0257594 0.0256568 0.0255345 0.0253923 0.0252304 0.0250488 0.0248474 0.0246263 0.0243855 0.024125 0.0238448 0.0235451 0.0232257 0.0228868 0.0225282 0.0221502 0.0217527 0.0213357 0.0208993 0.0204435 0.0199683 0.0194738 0.01896 0.018427 0.0178748 0.0173034 0.016713 0.0161034 0.0154749 0.0148274 0.014161 0.0134757 0.0127717 0.0120489 0.0113074 0.0105474 0.00976874 0.00897165 0.00815615 0.00732231 0.0064702 0.00559989 0.00471145 0.00380496 0.0028805 0.00193813 0.000977938 
0.00101506 0.00201092 0.00298754 0.00394487 0.00488287 0.00580148 0.00670067 0.0075804 0.00844061 0.00928126 0.0101023 0.0109038 0.0116855 0.0124475 0.0131898 0.0139123 0.014615 0.0152978 0.0159607 0.0166038 0.0172268 0.0178299 0.018413 0.0189761 0.0195191 0.020042 0.0205448 0.0210275 0.0214901 0.0219325 0.0223547 0.0227567 0.0231386 0.0235002 0.0238415 0.0241627 0.0244635 0.0247441 0.0250045 0.0252445 0.0254643 0.0256637 0.0258429 0.0260018 0.0261404 0.0262586 0.0263566 0.0264343 0.0264917 0.0265288 0.0265456 0.0265421 0.0265183 0.0264743 0.02641 0.0263255 0.0262207 0.0260957 0.0259505 0.0257851 0.0255995 0.0253938 0.0251679 0.0249219 0.0246558 0.0243696 0.0240633 0.023737 0.0233907 0.0230245 0.0226382 0.0222321 0.021806 0.0213602 0.0208944 0.0204089 0.0199037 0.0193787 0.0188341 0.0182699 0.017686 0.0170827 0.0164599 0.0158176 0.0151559 0.0144749 0.0137747 0.0130552 0.0123165 0.0115588 0.010782 0.00998622 0.00917155 0.00833803 0.00748574 0.00661474 0.00572511 0.00481691 0.00389021 0.0029451 0.00198165 0.000999921 
0.0010362 0.00205277 0.00304967 0.00402686 0.00498429 0.00592191 0.00683969 0.00773757 0.00861553 0.00947351 0.0103115 0.0111294 0.0119272 0.0127049 0.0134624 0.0141997 0.0149168 0.0156136 0.0162901 0.0169463 0.0175821 0.0181975 0.0187925 0.0193671 0.0199212 0.0204548 0.0209679 0.0214605 0.0219325 0.0223839 0.0228147 0.023225 0.0236146 0.0239836 0.0243319 0.0246596 0.0249666 0.025253 0.0255186 0.0257636 0.0259878 0.0261914 0.0263742 0.0265363 0.0266778 0.0267985 0.0268985 0.0269777 0.0270363 0.0270742 0.0270913 0.0270878 0.0270636 0.0270187 0.0269531 0.0268669 0.02676 0.0266325 0.0264844 0.0263157 0.0261263 0.0259164 0.025686 0.025435 0.0251635 0.0248715 0.024559 0.0242261 0.0238728 0.0234991 0.023105 0.0226906 0.0222559 0.021801 0.0213258 0.0208304 0.0203149 0.0197792 0.0192235 0.0186478 0.018052 0.0174364 0.0168008 0.0161454 0.0154702 0.0147752 0.0140606 0.0133264 0.0125725 0.0117992 0.0110064 0.0101943 0.00936277 0.00851202 0.00764208 0.00675301 0.00584489 0.00491779 0.00397177 0.00300691 0.00202328 0.00102095 
0.00105637 0.00209271 0.00310897 0.00410511 0.00508108 0.00603685 0.00697236 0.00788758 0.00878247 0.00965698 0.0105111 0.0113447 0.0121579 0.0129505 0.0137226 0.014474 0.0152049 0.015915 0.0166045 0.0172732 0.0179212 0.0185484 0.0191548 0.0197403 0.020305 0.0208488 0.0213717 0.0218737 0.0223547 0.0228147 0.0232538 0.0236719 0.024069 0.024445 0.0248 0.0251339 0.0254468 0.0257386 0.0260093 0.0262589 0.0264875 0.0266949 0.0268813 0.0270465 0.0271906 0.0273137 0.0274156 0.0274964 0.0275561 0.0275947 0.0276122 0.0276086 0.027584 0.0275383 0.0274715 0.0273836 0.0272748 0.0271449 0.0269939 0.026822 0.0266291 0.0264152 0.0261804 0.0259247 0.025648 0.0253505 0.0250321 0.0246929 0.0243329 0.0239521 0.0235505 0.0231283 0.0226853 0.0222217 0.0217375 0.0212327 0.0207073 0.0201615 0.0195952 0.0190085 0.0184014 0.0177739 0.0171262 0.0164583 0.0157702 0.0150619 0.0143336 0.0135852 0.0128169 0.0120287 0.0112207 0.0103928 0.0095453 0.0086781 0.00779131 0.00688499 0.00595923 0.00501408 0.00404961 0.0030659 0.00206301 0.00104102 
0.00107558 0.00213074 0.00316543 0.00417962 0.00517325 0.00614629 0.00709869 0.00803042 0.00894143 0.00983169 0.0107011 0.0115498 0.0123775 0.0131844 0.0139703 0.0147352 0.0154791 0.016202 0.0169038 0.0175845 0.0182441 0.0188825 0.0194997 0.0200957 0.0206705 0.021224 0.0217562 0.0222671 0.0227567 0.023225 0.0236719 0.0240974 0.0245016 0.0248843 0.0252456 0.0255855 0.025904 0.026201 0.0264765 0.0267306 0.0269633 0.0271744 0.0273641 0.0275323 0.027679 0.0278042 0.027908 0.0279902 0.028051 0.0280903 0.0281082 0.0281046 0.0280795 0.028033 0.027965 0.0278757 0.0277649 0.0276327 0.0274791 0.0273042 0.0271078 0.0268902 0.0266512 0.026391 0.0261094 0.0258066 0.0254826 0.0251374 0.024771 0.0243834 0.0239748 0.023545 0.0230942 0.0226224 0.0221295 0.0216158 0.0210811 0.0205255 0.0199491 0.0193519 0.018734 0.0180954 0.0174361 0.0167563 0.0160558 0.0153349 0.0145935 0.0138318 0.0130497 0.0122473 0.0114247 0.010582 0.00971912 0.00883625 0.00793342 0.00701068 0.00606811 0.00510577 0.00412374 0.00312208 0.00210085 0.00106014 
0.00109382 0.00216685 0.00321905 0.00425037 0.00526078 0.00625022 0.00721867 0.00816607 0.0090924 0.00999761 0.0108817 0.0117445 0.0125861 0.0134065 0.0142055 0.0149833 0.0157396 0.0164746 0.0171881 0.0178801 0.0185507 0.0191998 0.0198273 0.0204332 0.0210176 0.0215803 0.0221214 0.0226408 0.0231386 0.0236146 0.024069 0.0245016 0.0249124 0.0253015 0.0256689 0.0260144 0.0263382 0.0266401 0.0269203 0.0271786 0.0274151 0.0276298 0.0278226 0.0279936 0.0281428 0.0282701 0.0283756 0.0284593 0.0285211 0.0285611 0.0285792 0.0285756 0.0285501 0.0285029 0.0284338 0.028343 0.0282304 0.028096 0.0279399 0.0277621 0.0275625 0.0273413 0.0270984 0.0268338 0.0265477 0.0262399 0.0259105 0.0255596 0.0251871 0.0247932 0.0243777 0.0239408 0.0234826 0.0230029 0.0225019 0.0219796 0.0214361 0.0208713 0.0202853 0.0196782 0.01905 0.0184007 0.0177305 0.0170393 0.0163272 0.0155942 0.0148404 0.0140659 0.0132707 0.0124549 0.0116185 0.0107616 0.00988423 0.00898648 0.0080684 0.00713006 0.00617153 0.00519287 0.00419415 0.00317543 0.00213679 0.00107829 
0.0011111 0.00220105 0.00326983 0.00431738 0.00534366 0.00634864 0.00733228 0.00829453 0.00923536 0.0101547 0.0110526 0.0119289 0.0127837 0.0136168 0.0144284 0.0152182 0.0159863 0.0167327 0.0174573 0.0181601 0.0188411 0.0195003 0.0201375 0.0207528 0.0213463 0.0219177 0.0224672 0.0229947 0.0235002 0.0239836 0.024445 0.0248843 0.0253015 0.0256967 0.0260697 0.0264206 0.0267494 0.027056 0.0273405 0.0276029 0.027843 0.028061 0.0282569 0.0284305 0.028582 0.0287113 0.0288185 0.0289034 0.0289662 0.0290069 0.0290253 0.0290216 0.0289958 0.0289478 0.0288777 0.0287855 0.0286712 0.0285348 0.0283763 0.0281957 0.0279932 0.0277685 0.0275219 0.0272533 0.0269627 0.0266502 0.0263157 0.0259594 0.0255812 0.0251812 0.0247593 0.0243157 0.0238504 0.0233633 0.0228546 0.0223242 0.0217723 0.0211987 0.0206037 0.0199872 0.0193493 0.0186899 0.0180093 0.0173073 0.0165842 0.0158398 0.0150743 0.0142877 0.0134801 0.0126515 0.0118021 0.0109317 0.0100406 0.00912876 0.00819624 0.00724313 0.00626948 0.00527536 0.00426083 0.00322597 0.00217083 0.00109548 
0.0011274 0.00223334 0.00331776 0.00438063 0.00542191 0.00644155 0.00743953 0.0084158 0.00937032 0.0103031 0.011214 0.012103 0.0129702 0.0138154 0.0146387 0.01544 0.0162192 0.0169764 0.0177115 0.0184244 0.0191153 0.0197839 0.0204304 0.0210546 0.0216566 0.0222363 0.0227937 0.0233288 0.0238415 0.0243319 0.0248 0.0252456 0.0256689 0.0260697 0.0264481 0.0268041 0.0271376 0.0274487 0.0277373 0.0280034 0.028247 0.0284682 0.0286668 0.028843 0.0289967 0.0291279 0.0292366 0.0293228 0.0293865 0.0294277 0.0294465 0.0294428 0.0294166 0.0293679 0.0292969 0.0292033 0.0290874 0.028949 0.0287883 0.0286052 0.0283997 0.0281719 0.0279217 0.0276493 0.0273545 0.0270375 0.0266983 0.0263369 0.0259533 0.0255475 0.0251196 0.0246697 0.0241976 0.0237036 0.0231876 0.0226496 0.0220897 0.0215079 0.0209043 0.0202789 0.0196318 0.018963 0.0182725 0.0175604 0.0168268 0.0160717 0.0152951 0.0144971 0.0136778 0.0128372 0.0119753 0.0110923 0.0101882 0.00926308 0.00831694 0.00734988 0.00636195 0.00535324 0.00432379 0.00327367 0.00220296 0.00111171 
0.00114274 0.0022637 0.00336284 0.00444012 0.0054955 0.00652894 0.00754041 0.00852987 0.00949727 0.0104426 0.0113658 0.0122668 0.0131456 0.0140022 0.0148365 0.0156486 0.0164383 0.0172056 0.0179505 0.0186731 0.0193732 0.0200508 0.0207059 0.0213384 0.0219485 0.0225359 0.0231008 0.023643 0.0241627 0.0246596 0.0251339 0.0255855 0.0260144 0.0264206 0.0268041 0.0271648 0.0275028 0.027818 0.0281105 0.0283802 0.0286271 0.0288512 0.0290525 0.029231 0.0293868 0.0295197 0.0296299 0.0297173 0.0297818 0.0298236 0.0298427 0.0298389 0.0298124 0.0297631 0.0296911 0.0295964 0.0294789 0.0293387 0.0291759 0.0289903 0.0287821 0.0285513 0.0282978 0.0280218 0.0277231 0.0274019 0.0270582 0.026692 0.0263033 0.0258921 0.0254586 0.0250026 0.0245243 0.0240237 0.0235008 0.0229556 0.0223883 0.0217988 0.0211871 0.0205534 0.0198976 0.0192198 0.0185201 0.0177985 0.017055 0.0162898 0.0155028 0.0146941 0.0138637 0.0130118 0.0121384 0.0112434 0.0103271 0.00938944 0.00843048 0.00745029 0.00644894 0.00542649 0.004383 0.00331855 0.00223318 0.00112698 
0.00115711 0.00229214 0.00340507 0.00449585 0.00556444 0.00661081 0.00763492 0.00863673 0.00961619 0.0105733 0.011508 0.0124202 0.01331 0.0141772 0.0150219 0.015844 0.0166435 0.0174204 0.0181745 0.018906 0.0196148 0.0203008 0.020964 0.0216044 0.022222 0.0228167 0.0233885 0.0239375 0.0244635 0.0249666 0.0254468 0.025904 0.0263382 0.0267494 0.0271376 0.0275028 0.027845 0.0281641 0.0284601 0.0287332 0.0289831 0.02921 0.0294138 0.0295946 0.0297523 0.0298869 0.0299984 0.0300869 0.0301523 0.0301946 0.0302139 0.0302101 0.0301833 0.0301334 0.0300605 0.0299646 0.0298458 0.0297039 0.029539 0.0293512 0.0291405 0.0289068 0.0286502 0.0283708 0.0280685 0.0277434 0.0273954 0.0270247 0.0266312 0.026215 0.0257761 0.0253146 0.0248304 0.0243236 0.0237943 0.0232424 0.0226681 0.0220713 0.0214521 0.0208105 0.0201466 0.0194605 0.0187521 0.0180216 0.0172689 0.0164942 0.0156974 0.0148786 0.014038 0.0131754 0.0122911 0.011385 0.0104572 0.00950783 0.00853685 0.00754437 0.00653044 0.00549512 0.00443848 0.00336059 0.0022615 0.00114128 
