0 0 0 0 0 0 0 0 0 0 0 0 0 0 0 0 0 0 0 0 0 0 0 0 0 0 0 0 0 0 0 0 0 0 0 0 0 0 0 0 0 0 0 0 0 0 0 0 0 0 0 0 0 0 0 0 0 0 0 0 0 0 0 0 0 0 0 0 0 0 0 0 0 0 0 0 0 0 0 0 0 0 0 0 0 0 0 0 0 0 0 0 0 0 0 0 0 0 0 0 0 0 
0 4.92215e-05 9.7453e-05 0.000144695 0.000190946 0.000236208 0.000280479 0.000323761 0.000366052 0.000407354 0.000447666 0.000486987 0.000525319 0.000562661 0.000599013 0.000634375 0.000668747 0.00070213 0.000734522 0.000765925 0.000796338 0.000825761 0.000854195 0.00088164 0.000908094 0.000933559 0.000958035 0.000981522 0.00100402 0.00102553 0.00104605 0.00106558 0.00108412 0.00110167 0.00111823 0.00113381 0.0011484 0.00116199 0.0011746 0.00118623 0.00119686 0.00120651 0.00121517 0.00122284 0.00122953 0.00123523 0.00123994 0.00124366 0.0012464 0.00124816 0.00124893 0.00124871 0.00124751 0.00124532 0.00124215 0.001238 0.00123286 0.00122674 0.00121963 0.00121155 0.00120248 0.00119243 0.0011814 0.00116939 0.0011564 0.00114243 0.00112748 0.00111155 0.00109465 0.00107677 0.00105791 0.00103808 0.00101728 0.000995497 0.000972745 0.000949022 0.000924329 0.000898666 0.000872035 0.000844438 0.000815875 0.000786348 0.00075586 0.000724412 0.000692005 0.000658643 0.000624328 0.000589063 0.00055285 0.000515694 0.0004776 0.000438571 0.000398615 0.000357738 0.00031595 0.000273262 0.00022969 0.000185255 0.000139989 9.39447e-05 4.7215e-05 0 
0 9.7453e-05 0.000192946 0.000286479 0.000378052 0.000467665 0.000555318 0.000641011 0.000724744 0.000806518 0.000886331 0.000964184 0.00104008 0.00111401 0.00118599 0.001256 0.00132405 0.00139015 0.00145428 0.00151646 0.00157668 0.00163493 0.00169123 0.00174557 0.00179795 0.00184837 0.00189683 0.00194333 0.00198788 0.00203046 0.00207109 0.00210976 0.00214647 0.00218123 0.00221403 0.00224487 0.00227375 0.00230068 0.00232565 0.00234866 0.00236972 0.00238883 0.00240597 0.00242117 0.00243441 0.0024457 0.00245503 0.00246241 0.00246784 0.00247132 0.00247285 0.00247242 0.00247005 0.00246573 0.00245946 0.00245124 0.00244107 0.00242896 0.0024149 0.0023989 0.00238095 0.00236106 0.00233923 0.00231546 0.00228975 0.0022621 0.00223251 0.00220099 0.00216753 0.00213214 0.00209481 0.00205556 0.00201438 0.00197127 0.00192623 0.00187927 0.0018304 0.0017796 0.00172689 0.00167226 0.00161572 0.00155728 0.00149693 0.00143468 0.00137054 0.0013045 0.00123658 0.00116677 0.00109509 0.00102155 0.000946144 0.00086889 0.0007898 0.000708887 0.000626169 0.000541668 0.000455412 0.000367441 0.000277808 0.000186595 9.39252e-05 0 
0 0.000144695 0.000286479 0.000425354 0.000561318 0.000694373 0.000824517 0.000951752 0.00107608 0.00119749 0.001316 0.00143159 0.00154428 0.00165405 0.00176092 0.00186487 0.00196592 0.00206406 0.00215929 0.0022516 0.00234101 0.00242751 0.0025111 0.00259179 0.00266956 0.00274443 0.00281638 0.00288543 0.00295157 0.00301481 0.00307513 0.00313255 0.00318707 0.00323867 0.00328737 0.00333317 0.00337606 0.00341605 0.00345313 0.0034873 0.00351858 0.00354695 0.00357241 0.00359498 0.00361465 0.00363141 0.00364528 0.00365625 0.00366431 0.00366949 0.00367176 0.00367114 0.00366762 0.00366121 0.00365191 0.00363972 0.00362463 0.00360666 0.00358579 0.00356204 0.00353541 0.00350589 0.00347348 0.0034382 0.00340004 0.00335899 0.00331508 0.00326828 0.00321862 0.00316609 0.00311068 0.00305241 0.00299128 0.00292729 0.00286044 0.00279074 0.00271818 0.00264278 0.00256453 0.00248344 0.00239952 0.00231276 0.00222318 0.00213078 0.00203556 0.00193753 0.00183671 0.00173309 0.00162668 0.00151751 0.00140558 0.0012909 0.00117349 0.00105337 0.000930572 0.000805118 0.00067705 0.000546418 0.000413287 0.00027775 0.000139931 0 
0 0.000190946 0.000378052 0.000561318 0.000740744 0.00091633 0.00108808 0.00125598 0.00142005 0.00158028 0.00173666 0.00188921 0.00203792 0.00218278 0.00232381 0.002461 0.00259435 0.00272386 0.00284953 0.00297136 0.00308935 0.0032035 0.00331382 0.00342029 0.00352293 0.00362173 0.00371669 0.00380782 0.00389511 0.00397856 0.00405818 0.00413395 0.0042059 0.00427401 0.00433828 0.00439872 0.00445533 0.0045081 0.00455704 0.00460215 0.00464342 0.00468087 0.00471449 0.00474428 0.00477024 0.00479237 0.00481067 0.00482516 0.00483581 0.00484265 0.00484566 0.00484485 0.00484022 0.00483177 0.00481951 0.00480343 0.00478353 0.00475982 0.0047323 0.00470097 0.00466584 0.00462689 0.00458415 0.0045376 0.00448725 0.00443311 0.00437517 0.00431343 0.00424791 0.0041786 0.00410551 0.00402863 0.00394798 0.00386355 0.00377536 0.00368339 0.00358767 0.00348818 0.00338495 0.00327796 0.00316724 0.00305277 0.00293458 0.00281267 0.00268704 0.00255771 0.00242468 0.00228796 0.00214758 0.00200353 0.00185584 0.00170453 0.00154961 0.00139112 0.00122908 0.00106352 0.000894503 0.000722073 0.000546304 0.000367288 0.000185139 0 
0 0.000236208 0.000467665 0.000694373 0.00091633 0.00113354 0.001346 0.0015537 0.00175666 0.00195487 0.00214833 0.00233704 0.00252099 0.0027002 0.00287466 0.00304437 0.00320933 0.00336954 0.00352501 0.00367572 0.00382169 0.0039629 0.00409937 0.00423109 0.00435806 0.00448029 0.00459776 0.00471049 0.00481848 0.00492172 0.00502021 0.00511396 0.00520296 0.00528722 0.00536674 0.00544151 0.00551154 0.00557683 0.00563738 0.00569319 0.00574426 0.00579059 0.00583219 0.00586905 0.00590117 0.00592856 0.00595122 0.00596914 0.00598234 0.0059908 0.00599454 0.00599355 0.00598783 0.0059774 0.00596224 0.00594236 0.00591776 0.00588845 0.00585442 0.00581568 0.00577223 0.00572408 0.00567121 0.00561365 0.00555139 0.00548442 0.00541277 0.00533642 0.00525539 0.00516967 0.00507928 0.0049842 0.00488445 0.00478004 0.00467096 0.00455722 0.00443883 0.00431579 0.00418811 0.0040558 0.00391885 0.00377729 0.00363111 0.00348032 0.00332495 0.00316499 0.00300045 0.00283136 0.00265773 0.00247957 0.0022969 0.00210974 0.00191812 0.00172207 0.00152162 0.00131681 0.00110769 0.000894316 0.000676768 0.000455127 0.000229498 0 
0 0.000280479 0.000555318 0.000824517 0.00108808 0.001346 0.00159827 0.00184491 0.00208591 0.00232127 0.00255099 0.00277507 0.00299351 0.00320631 0.00341347 0.003615 0.00381088 0.00400112 0.00418573 0.00436469 0.00453802 0.00470571 0.00486776 0.00502417 0.00517495 0.00532009 0.00545959 0.00559346 0.00572169 0.00584428 0.00596124 0.00607257 0.00617826 0.00627832 0.00637275 0.00646155 0.00654472 0.00662225 0.00669416 0.00676044 0.00682109 0.00687611 0.00692552 0.0069693 0.00700745 0.00703999 0.0070669 0.0070882 0.00710388 0.00711394 0.00711839 0.00711723 0.00711046 0.00709809 0.0070801 0.00705651 0.00702732 0.00699253 0.00695214 0.00690616 0.00685459 0.00679742 0.00673467 0.00666634 0.00659243 0.00651294 0.00642787 0.00633724 0.00624104 0.00613929 0.00603197 0.0059191 0.00580068 0.00567673 0.00554723 0.0054122 0.00527165 0.00512558 0.004974 0.00481692 0.00465434 0.00448627 0.00431272 0.00413371 0.00394925 0.00375934 0.003564 0.00336325 0.0031571 0.00294557 0.00272869 0.00250647 0.00227895 0.00204615 0.00180812 0.0015649 0.00131653 0.00106308 0.000804614 0.000541216 0.000272977 0 
0 0.000323761 0.000641011 0.000951752 0.00125598 0.0015537 0.00184491 0.00212961 0.00240781 0.00267949 0.00294466 0.00320332 0.00345547 0.00370111 0.00394025 0.00417287 0.00439898 0.00461859 0.00483168 0.00503827 0.00523835 0.00543192 0.00561899 0.00579954 0.00597359 0.00614114 0.00630217 0.0064567 0.00660473 0.00674625 0.00688127 0.00700979 0.0071318 0.00724731 0.00735632 0.00745883 0.00755484 0.00764435 0.00772736 0.00780388 0.0078739 0.00793743 0.00799447 0.00804502 0.00808907 0.00812664 0.00815772 0.00818232 0.00820043 0.00821207 0.00821722 0.0082159 0.0082081 0.00819383 0.00817309 0.00814587 0.0081122 0.00807206 0.00802546 0.0079724 0.00791289 0.00784693 0.00777452 0.00769566 0.00761037 0.00751863 0.00742047 0.00731588 0.00720486 0.00708743 0.00696358 0.00683332 0.00669666 0.0065536 0.00640415 0.00624832 0.00608611 0.00591753 0.00574259 0.0055613 0.00537367 0.0051797 0.00497941 0.00477281 0.00455991 0.00434073 0.00411528 0.00388358 0.00364565 0.0034015 0.00315117 0.00289468 0.00263205 0.00236333 0.00208854 0.00180774 0.00152098 0.0012283 0.000929792 0.000625515 0.000315554 0 
0 0.000366052 0.000724745 0.00107608 0.00142005 0.00175666 0.00208591 0.00240781 0.00272234 0.00302951 0.00332932 0.00362178 0.00390687 0.0041846 0.00445498 0.00471799 0.00497365 0.00522194 0.00546288 0.00569646 0.00592268 0.00614155 0.00635305 0.0065572 0.006754 0.00694343 0.00712551 0.00730024 0.00746761 0.00762763 0.00778029 0.0079256 0.00806356 0.00819417 0.00831743 0.00843334 0.00854191 0.00864312 0.00873699 0.00882352 0.0089027 0.00897454 0.00903904 0.00909621 0.00914603 0.00918852 0.00922368 0.00925151 0.00927201 0.00928518 0.00929102 0.00928954 0.00928074 0.00926463 0.00924119 0.00921045 0.00917239 0.00912703 0.00907436 0.0090144 0.00894713 0.00887258 0.00879073 0.0087016 0.00860519 0.0085015 0.00839054 0.00827232 0.00814683 0.00801408 0.00787408 0.00772684 0.00757236 0.00741065 0.00724171 0.00706556 0.00688219 0.00669163 0.00649387 0.00628893 0.00607682 0.00585755 0.00563114 0.00539758 0.00515691 0.00490913 0.00465426 0.00439232 0.00412334 0.00384732 0.00356431 0.00327431 0.00297738 0.00267354 0.00236283 0.00204529 0.00172098 0.00138995 0.00105227 0.000707997 0.000357214 0 
0 0.000407354 0.000806518 0.00119749 0.00158028 0.00195487 0.00232127 0.00267949 0.00302951 0.00337134 0.00370499 0.00403044 0.00434771 0.00465678 0.00495767 0.00525036 0.00553487 0.00581119 0.00607932 0.00633926 0.00659101 0.00683458 0.00706996 0.00729715 0.00751615 0.00772697 0.00792961 0.00812406 0.00831032 0.00848841 0.00865831 0.00882002 0.00897356 0.00911892 0.0092561 0.0093851 0.00950592 0.00961857 0.00972305 0.00981935 0.00990748 0.00998744 0.0100592 0.0101229 0.0101783 0.0102256 0.0102648 0.0102958 0.0103186 0.0103333 0.0103398 0.0103382 0.0103284 0.0103105 0.0102844 0.0102502 0.0102079 0.0101574 0.0100988 0.0100321 0.00995731 0.00987437 0.00978332 0.00968416 0.0095769 0.00946154 0.00933808 0.00920655 0.00906693 0.00891924 0.00876347 0.00859965 0.00842777 0.00824785 0.00805989 0.00786389 0.00765987 0.00744784 0.00722781 0.00699978 0.00676378 0.00651981 0.00626788 0.00600801 0.00574021 0.00546451 0.00518091 0.00488945 0.00459013 0.00428299 0.00396805 0.00364535 0.0033149 0.00297675 0.00263093 0.0022775 0.0019165 0.00154798 0.00117201 0.00078864 0.000397947 0 
0 0.000447666 0.000886331 0.001316 0.00173666 0.00214833 0.00255099 0.00294466 0.00332932 0.00370499 0.00407165 0.00442932 0.00477798 0.00511765 0.00544832 0.00576999 0.00608265 0.00638632 0.00668099 0.00696667 0.00724334 0.00751102 0.0077697 0.00801938 0.00826007 0.00849176 0.00871446 0.00892816 0.00913287 0.00932859 0.00951531 0.00969305 0.00986179 0.0100215 0.0101723 0.0103141 0.0104469 0.0105707 0.0106855 0.0107914 0.0108882 0.0109761 0.011055 0.011125 0.011186 0.011238 0.011281 0.0113151 0.0113402 0.0113563 0.0113635 0.0113617 0.011351 0.0113313 0.0113027 0.0112652 0.0112187 0.0111633 0.0110989 0.0110256 0.0109434 0.0108523 0.0107523 0.0106433 0.0105255 0.0103987 0.0102631 0.0101186 0.00996516 0.00980288 0.00963174 0.00945174 0.00926289 0.00906519 0.00885866 0.00864331 0.00841914 0.00818616 0.00794439 0.00769384 0.00743452 0.00716643 0.00688961 0.00660406 0.0063098 0.00600684 0.00569521 0.00537492 0.00504601 0.00470848 0.00436238 0.00400773 0.00364457 0.00327292 0.00289283 0.00250435 0.00210751 0.00170237 0.00128899 0.000867429 0.000437743 0 
0 0.000486987 0.000964184 0.00143159 0.00188921 0.00233704 0.00277507 0.00320332 0.00362178 0.00403044 0.00442932 0.00481841 0.0051977 0.00556721 0.00592693 0.00627686 0.006617 0.00694735 0.00726791 0.00757868 0.00787967 0.00817087 0.00845228 0.0087239 0.00898574 0.00923779 0.00948006 0.00971255 0.00993525 0.0101482 0.0103513 0.0105447 0.0107282 0.010902 0.0110661 0.0112203 0.0113648 0.0114995 0.0116244 0.0117396 0.011845 0.0119406 0.0120265 0.0121026 0.0121689 0.0122255 0.0122723 0.0123094 0.0123367 0.0123543 0.0123622 0.0123603 0.0123486 0.0123273 0.0122962 0.0122553 0.0122048 0.0121445 0.0120745 0.0119948 0.0119054 0.0118063 0.0116975 0.0115791 0.0114509 0.011313 0.0111655 0.0110083 0.0108415 0.010665 0.0104789 0.0102831 0.0100777 0.00986266 0.00963802 0.00940379 0.00915997 0.00890657 0.0086436 0.00837107 0.00808901 0.00779742 0.00749631 0.00718571 0.00686563 0.00653609 0.00619711 0.00584872 0.00549093 0.00512377 0.00474726 0.00436145 0.00396636 0.00356203 0.00314849 0.00272579 0.00229398 0.0018531 0.0014032 0.000944349 0.000476595 0 
0 0.000525319 0.00104008 0.00154428 0.00203792 0.00252099 0.00299351 0.00345547 0.00390687 0.00434771 0.00477798 0.0051977 0.00560686 0.00600546 0.0063935 0.00677098 0.0071379 0.00749426 0.00784006 0.0081753 0.00849999 0.00881412 0.00911769 0.00941071 0.00969317 0.00996507 0.0102264 0.0104772 0.0107175 0.0109472 0.0111663 0.0113749 0.0115729 0.0117604 0.0119374 0.0121038 0.0122596 0.012405 0.0125397 0.012664 0.0127777 0.0128809 0.0129735 0.0130556 0.0131272 0.0131883 0.0132388 0.0132788 0.0133083 0.0133273 0.0133358 0.0133338 0.0133212 0.0132982 0.0132647 0.0132207 0.0131662 0.0131012 0.0130257 0.0129398 0.0128434 0.0127365 0.0126192 0.0124914 0.0123532 0.0122045 0.0120454 0.0118759 0.0116959 0.0115056 0.0113048 0.0110937 0.0108721 0.0106402 0.010398 0.0101453 0.00988235 0.00960904 0.00932541 0.00903147 0.00872724 0.00841273 0.00808796 0.00775294 0.0074077 0.00705225 0.00668661 0.00631081 0.00592486 0.00552881 0.00512266 0.00470647 0.00428025 0.00384404 0.00339788 0.00294181 0.00247588 0.00200014 0.00151462 0.00101939 0.000514499 0 
0 0.000562661 0.00111401 0.00165405 0.00218278 0.0027002 0.00320631 0.00370111 0.0041846 0.00465678 0.00511765 0.00556721 0.00600546 0.0064324 0.00684803 0.00725235 0.00764536 0.00802706 0.00839745 0.00875654 0.00910431 0.00944078 0.00976594 0.0100798 0.0103823 0.0106736 0.0109535 0.0112222 0.0114795 0.0117255 0.0119603 0.0121837 0.0123958 0.0125967 0.0127862 0.0129645 0.0131314 0.0132871 0.0134315 0.0135646 0.0136864 0.0137969 0.0138962 0.0139841 0.0140608 0.0141262 0.0141804 0.0142233 0.0142549 0.0142753 0.0142844 0.0142822 0.0142688 0.0142442 0.0142083 0.0141612 0.0141028 0.0140333 0.0139525 0.0138604 0.0137572 0.0136428 0.0135171 0.0133803 0.0132323 0.0130731 0.0129027 0.0127212 0.0125285 0.0123246 0.0121096 0.0118835 0.0116463 0.0113979 0.0111384 0.0108679 0.0105863 0.0102936 0.00998981 0.00967501 0.00934919 0.00901236 0.00866453 0.00830573 0.00793598 0.00755528 0.00716367 0.00676117 0.0063478 0.00592359 0.00548856 0.00504276 0.0045862 0.00411893 0.00364098 0.00315239 0.00265321 0.00214347 0.00162324 0.00109254 0.000551448 0 
0 0.000599013 0.00118599 0.00176092 0.00232381 0.00287466 0.00341347 0.00394025 0.00445498 0.00495767 0.00544832 0.00592693 0.0063935 0.00684803 0.00729052 0.00772097 0.00813938 0.00854575 0.00894008 0.00932238 0.00969263 0.0100509 0.010397 0.0107312 0.0110533 0.0113634 0.0116614 0.0119474 0.0122214 0.0124833 0.0127332 0.0129711 0.013197 0.0134108 0.0136126 0.0138024 0.0139802 0.0141459 0.0142996 0.0144414 0.014571 0.0146887 0.0147944 0.0148881 0.0149698 0.0150394 0.0150971 0.0151428 0.0151765 0.0151982 0.0152079 0.0152056 0.0151914 0.0151652 0.015127 0.0150769 0.0150148 0.0149407 0.0148548 0.0147568 0.014647 0.0145252 0.0143914 0.0142458 0.0140882 0.0139188 0.0137374 0.0135442 0.0133391 0.0131221 0.0128933 0.0126526 0.0124 0.0121357 0.0118595 0.0115715 0.0112717 0.0109601 0.0106368 0.0103017 0.00995484 0.00959628 0.00922602 0.00884406 0.00845044 0.00804517 0.00762828 0.00719978 0.0067597 0.00630808 0.00584493 0.00537029 0.0048842 0.00438667 0.00387776 0.0033575 0.00282593 0.00228309 0.00172903 0.0011638 0.00058744 0 
0 0.000634375 0.001256 0.00186487 0.002461 0.00304437 0.003615 0.00417287 0.00471799 0.00525036 0.00576998 0.00627686 0.00677098 0.00725235 0.00772097 0.00817684 0.00861996 0.00905033 0.00946795 0.00987283 0.010265 0.0106443 0.011011 0.0113648 0.011706 0.0120344 0.01235 0.0126529 0.0129431 0.0132205 0.0134852 0.0137371 0.0139764 0.0142028 0.0144166 0.0146176 0.0148058 0.0149814 0.0151442 0.0152943 0.0154317 0.0155563 0.0156683 0.0157675 0.015854 0.0159278 0.0159889 0.0160373 0.016073 0.016096 0.0161064 0.016104 0.0160889 0.0160612 0.0160208 0.0159677 0.015902 0.0158236 0.0157326 0.0156289 0.0155126 0.0153836 0.015242 0.0150878 0.014921 0.0147416 0.0145496 0.014345 0.0141278 0.013898 0.0136557 0.0134008 0.0131334 0.0128535 0.012561 0.0122561 0.0119386 0.0116087 0.0112663 0.0109115 0.0105442 0.0101645 0.00977239 0.00936791 0.00895107 0.0085219 0.0080804 0.00762662 0.00716056 0.00668226 0.00619175 0.00568906 0.00517422 0.00464726 0.00410822 0.00355713 0.00299404 0.00241898 0.00183201 0.00123316 0.000622471 0 
0 0.000668747 0.00132405 0.00196592 0.00259435 0.00320933 0.00381088 0.00439898 0.00497365 0.00553487 0.00608265 0.006617 0.0071379 0.00764536 0.00813938 0.00861996 0.0090871 0.0095408 0.00998106 0.0104079 0.0108213 0.0112212 0.0116077 0.0119808 0.0123404 0.0126866 0.0130194 0.0133387 0.0136446 0.0139371 0.0142161 0.0144818 0.0147339 0.0149727 0.015198 0.01541 0.0156085 0.0157935 0.0159652 0.0161234 0.0162683 0.0163997 0.0165177 0.0166224 0.0167136 0.0167914 0.0168559 0.0169069 0.0169446 0.0169688 0.0169797 0.0169773 0.0169614 0.0169322 0.0168897 0.0168338 0.0167645 0.0166819 0.016586 0.0164767 0.0163541 0.0162182 0.016069 0.0159064 0.0157306 0.0155415 0.0153391 0.0151235 0.0148945 0.0146524 0.014397 0.0141283 0.0138465 0.0135514 0.0132431 0.0129217 0.0125871 0.0122393 0.0118784 0.0115043 0.0111172 0.0107169 0.0103036 0.00987726 0.00943786 0.00898544 0.00852003 0.00804166 0.00755035 0.00704612 0.00652901 0.00599904 0.00545625 0.00490067 0.00433233 0.00375127 0.00315752 0.00255114 0.00193215 0.0013006 0.000656538 0 
0 0.00070213 0.00139015 0.00206406 0.00272386 0.00336954 0.00400112 0.00461859 0.00522194 0.00581119 0.00638632 0.00694735 0.00749426 0.00802706 0.00854575 0.00905033 0.0095408 0.0100172 0.0104794 0.0109276 0.0113616 0.0117815 0.0121873 0.012579 0.0129566 0.0133201 0.0136695 0.0140048 0.014326 0.0146331 0.0149261 0.015205 0.0154698 0.0157205 0.0159571 0.0161796 0.016388 0.0165823 0.0167626 0.0169288 0.0170809 0.0172189 0.0173428 0.0174527 0.0175485 0.0176302 0.0176979 0.0177515 0.0177911 0.0178166 0.0178281 0.0178255 0.0178089 0.0177783 0.0177336 0.017675 0.0176023 0.0175156 0.0174149 0.0173002 0.0171715 0.0170288 0.0168722 0.0167016 0.016517 0.0163185 0.016106 0.0158796 0.0156393 0.0153851 0.015117 0.014835 0.0145391 0.0142293 0.0139057 0.0135682 0.013217 0.0128519 0.012473 0.0120803 0.0116738 0.0112536 0.0108197 0.0103721 0.00991077 0.00943578 0.00894715 0.0084449 0.00792905 0.00739964 0.00685668 0.00630022 0.00573027 0.00514688 0.00455008 0.00393989 0.00331637 0.00267954 0.00202945 0.00136614 0.000689639 0 
0 0.000734522 0.00145428 0.00215929 0.00284953 0.00352501 0.00418573 0.00483168 0.00546288 0.00607932 0.00668099 0.00726791 0.00784006 0.00839745 0.00894008 0.00946795 0.00998106 0.0104794 0.010963 0.0114318 0.0118859 0.0123252 0.0127498 0.0131596 0.0135546 0.0139349 0.0143004 0.0146512 0.0149872 0.0153085 0.015615 0.0159068 0.0161838 0.0164461 0.0166936 0.0169264 0.0171445 0.0173478 0.0175364 0.0177103 0.0178694 0.0180138 0.0181435 0.0182585 0.0183587 0.0184442 0.0185151 0.0185712 0.0186126 0.0186393 0.0186513 0.0186487 0.0186313 0.0185993 0.0185526 0.0184913 0.0184153 0.0183246 0.0182193 0.0180993 0.0179648 0.0178155 0.0176517 0.0174733 0.0172802 0.0170726 0.0168503 0.0166135 0.0163622 0.0160963 0.0158158 0.0155208 0.0152113 0.0148873 0.0145488 0.0141958 0.0138283 0.0134464 0.0130501 0.0126393 0.0122141 0.0117746 0.0113207 0.0108524 0.0103698 0.00987291 0.00936174 0.00883631 0.00829665 0.00774279 0.00717476 0.00659257 0.00599627 0.00538589 0.00476145 0.004123 0.00347057 0.00280419 0.00212391 0.00142975 0.000721772 0 
0 0.000765925 0.00151646 0.0022516 0.00297136 0.00367572 0.00436469 0.00503827 0.00569646 0.00633926 0.00696667 0.00757868 0.0081753 0.00875654 0.00932238 0.00987283 0.0104079 0.0109276 0.0114318 0.0119207 0.0123942 0.0128523 0.013295 0.0137224 0.0141343 0.0145309 0.0149121 0.0152778 0.0156283 0.0159633 0.0162829 0.0165872 0.0168761 0.0171496 0.0174078 0.0176505 0.0178779 0.01809 0.0182866 0.018468 0.0186339 0.0187845 0.0189198 0.0190397 0.0191442 0.0192334 0.0193073 0.0193659 0.0194091 0.019437 0.0194495 0.0194468 0.0194287 0.0193954 0.0193467 0.0192828 0.0192035 0.019109 0.0189992 0.0188742 0.0187339 0.0185783 0.0184075 0.0182215 0.0180202 0.0178037 0.017572 0.0173251 0.0170631 0.0167858 0.0164934 0.0161858 0.0158631 0.0155253 0.0151723 0.0148043 0.0144211 0.0140229 0.0136097 0.0131814 0.0127381 0.0122797 0.0118064 0.0113182 0.0108149 0.0102968 0.00976379 0.00921589 0.00865314 0.00807558 0.00748322 0.00687609 0.00625424 0.00561768 0.00496645 0.00430058 0.00362011 0.00292508 0.00221551 0.00149145 0.000752935 0 
0 0.000796338 0.00157668 0.00234101 0.00308935 0.00382169 0.00453802 0.00523835 0.00592268 0.00659101 0.00724334 0.00787967 0.00849999 0.00910431 0.00969263 0.010265 0.0108213 0.0113616 0.0118859 0.0123942 0.0128865 0.0133628 0.0138232 0.0142675 0.0146958 0.0151081 0.0155045 0.0158848 0.0162491 0.0165975 0.0169298 0.0172462 0.0175466 0.017831 0.0180994 0.0183518 0.0185883 0.0188088 0.0190133 0.0192018 0.0193744 0.019531 0.0196716 0.0197963 0.0199051 0.0199978 0.0200747 0.0201356 0.0201805 0.0202096 0.0202227 0.0202198 0.0202011 0.0201664 0.0201159 0.0200494 0.0199671 0.0198688 0.0197547 0.0196247 0.0194789 0.0193172 0.0191396 0.0189462 0.018737 0.0185119 0.0182711 0.0180144 0.017742 0.0174537 0.0171498 0.01683 0.0164945 0.0161433 0.0157764 0.0153937 0.0149954 0.0145814 0.0141518 0.0137065 0.0132456 0.0127691 0.012277 0.0117694 0.0112462 0.0107075 0.0101533 0.00958361 0.0089985 0.00839797 0.00778205 0.00715077 0.00650416 0.00584224 0.00516505 0.00447263 0.003765 0.0030422 0.00230426 0.00155122 0.000783125 0 
0 0.000825762 0.00163493 0.00242751 0.0032035 0.0039629 0.00470571 0.00543192 0.00614155 0.00683458 0.00751102 0.00817086 0.00881412 0.00944078 0.0100509 0.0106443 0.0112212 0.0117815 0.0123252 0.0128523 0.0133628 0.0138568 0.0143341 0.0147949 0.015239 0.0156666 0.0160776 0.016472 0.0168498 0.0172111 0.0175557 0.0178838 0.0181953 0.0184902 0.0187686 0.0190304 0.0192756 0.0195043 0.0197163 0.0199119 0.0200908 0.0202533 0.0203991 0.0205284 0.0206412 0.0207374 0.0208171 0.0208803 0.020927 0.0209571 0.0209707 0.0209678 0.0209484 0.0209125 0.0208601 0.0207912 0.0207058 0.020604 0.0204857 0.0203509 0.0201997 0.0200321 0.019848 0.0196475 0.0194305 0.0191972 0.0189475 0.0186814 0.0183989 0.0181001 0.0177849 0.0174533 0.0171055 0.0167413 0.0163609 0.0159641 0.0155511 0.0151218 0.0146763 0.0142146 0.0137367 0.0132426 0.0127324 0.012206 0.0116635 0.0111049 0.0105302 0.00993947 0.00933272 0.00870997 0.00807125 0.00741659 0.00674602 0.00605956 0.00535725 0.00463913 0.00390521 0.00315554 0.00239015 0.00160907 0.000812343 0 
0 0.000854196 0.00169123 0.0025111 0.00331382 0.00409937 0.00486776 0.00561899 0.00635305 0.00706996 0.0077697 0.00845227 0.00911769 0.00976594 0.010397 0.011011 0.0116077 0.0121873 0.0127498 0.013295 0.0138232 0.0143341 0.0148279 0.0153045 0.015764 0.0162063 0.0166315 0.0170395 0.0174304 0.0178041 0.0181606 0.0185 0.0188223 0.0191274 0.0194153 0.0196862 0.0199398 0.0201764 0.0203958 0.0205981 0.0207832 0.0209513 0.0211022 0.021236 0.0213527 0.0214522 0.0215347 0.0216001 0.0216484 0.0216796 0.0216937 0.0216907 0.0216706 0.0216335 0.0215793 0.0215081 0.0214198 0.0213145 0.0211922 0.0210528 0.0208964 0.020723 0.0205326 0.0203253 0.0201009 0.0198596 0.0196013 0.019326 0.0190338 0.0187247 0.0183987 0.0180558 0.017696 0.0173193 0.0169258 0.0165154 0.0160882 0.0156442 0.0151834 0.0147058 0.0142114 0.0137004 0.0131725 0.012628 0.0120668 0.011489 0.0108945 0.0102834 0.00965578 0.00901156 0.0083508 0.00767354 0.00697981 0.00626964 0.00554305 0.00480007 0.00404075 0.0032651 0.00247317 0.00166499 0.000840586 0 
0 0.00088164 0.00174557 0.00259179 0.00342029 0.00423109 0.00502417 0.00579954 0.0065572 0.00729715 0.00801938 0.0087239 0.00941071 0.0100798 0.0107312 0.0113648 0.0119808 0.012579 0.0131596 0.0137224 0.0142675 0.0147949 0.0153045 0.0157965 0.0162708 0.0167273 0.0171662 0.0175873 0.0179907 0.0183765 0.0187445 0.0190948 0.0194274 0.0197424 0.0200396 0.0203192 0.020581 0.0208252 0.0210517 0.0212605 0.0214516 0.0216251 0.0217809 0.021919 0.0220394 0.0221422 0.0222274 0.0222949 0.0223447 0.022377 0.0223915 0.0223885 0.0223678 0.0223296 0.0222737 0.0222002 0.0221091 0.0220004 0.0218742 0.0217304 0.021569 0.02139 0.0211936 0.0209795 0.020748 0.0204989 0.0202324 0.0199483 0.0196468 0.0193278 0.0189913 0.0186374 0.0182661 0.0178773 0.0174712 0.0170476 0.0166067 0.0161485 0.0156729 0.01518 0.0146697 0.0141422 0.0135975 0.0130355 0.0124563 0.0118599 0.0112463 0.0106155 0.00996768 0.00930273 0.0086207 0.00792162 0.00720553 0.00647246 0.00572242 0.00495546 0.0041716 0.00337088 0.00255333 0.00171897 0.000867853 0 
0 0.000908094 0.00179795 0.00266956 0.00352293 0.00435806 0.00517495 0.00597359 0.00675399 0.00751615 0.00826007 0.00898574 0.00969317 0.0103823 0.0110533 0.011706 0.0123404 0.0129566 0.0135546 0.0141343 0.0146958 0.015239 0.015764 0.0162708 0.0167593 0.0172296 0.0176816 0.0181154 0.0185309 0.0189283 0.0193074 0.0196682 0.0200109 0.0203353 0.0206414 0.0209294 0.0211991 0.0214507 0.021684 0.0218991 0.022096 0.0222747 0.0224351 0.0225774 0.0227015 0.0228074 0.0228952 0.0229647 0.0230161 0.0230493 0.0230643 0.0230612 0.02304 0.0230006 0.022943 0.0228674 0.0227736 0.0226617 0.0225317 0.0223836 0.0222174 0.0220331 0.0218308 0.0216103 0.0213719 0.0211154 0.0208408 0.0205483 0.0202377 0.0199092 0.0195627 0.0191982 0.0188157 0.0184153 0.017997 0.0175608 0.0171067 0.0166347 0.0161448 0.0156371 0.0151116 0.0145683 0.0140072 0.0134284 0.0128318 0.0122174 0.0115854 0.0109357 0.0102684 0.00958347 0.00888093 0.00816082 0.00742317 0.00666801 0.00589538 0.00510528 0.00429777 0.00347287 0.00263061 0.00177103 0.000894144 0 
0 0.00093356 0.00184837 0.00274443 0.00362173 0.00448029 0.00532009 0.00614114 0.00694343 0.00772697 0.00849176 0.00923779 0.00996507 0.0106736 0.0113634 0.0120344 0.0126866 0.0133201 0.0139349 0.0145309 0.0151081 0.0156666 0.0162063 0.0167273 0.0172295 0.017713 0.0181778 0.0186237 0.019051 0.0194595 0.0198492 0.0202202 0.0205725 0.020906 0.0212208 0.0215169 0.0217942 0.0220528 0.0222927 0.0225138 0.0227163 0.0229 0.023065 0.0232113 0.0233389 0.0234478 0.023538 0.0236096 0.0236624 0.0236966 0.0237121 0.0237089 0.0236871 0.0236466 0.0235875 0.0235097 0.0234133 0.0232983 0.0231647 0.0230125 0.0228416 0.0226522 0.0224442 0.0222176 0.0219725 0.0217089 0.0214267 0.0211259 0.0208067 0.020469 0.0201127 0.019738 0.0193449 0.0189333 0.0185033 0.0180548 0.017588 0.0171028 0.0165992 0.0160773 0.0155371 0.0149785 0.0144017 0.0138066 0.0131933 0.0125617 0.011912 0.011244 0.010558 0.00985378 0.00913148 0.00839112 0.00763272 0.0068563 0.0060619 0.00524954 0.00441925 0.00357107 0.00270502 0.00182114 0.000919457 0 
0 0.000958035 0.00189683 0.00281638 0.0037167 0.00459776 0.00545959 0.00630217 0.00712551 0.00792961 0.00871446 0.00948006 0.0102264 0.0109535 0.0116614 0.01235 0.0130194 0.0136695 0.0143004 0.0149121 0.0155044 0.0160776 0.0166315 0.0171662 0.0176816 0.0181778 0.0186547 0.0191124 0.0195509 0.0199701 0.0203701 0.0207508 0.0211124 0.0214547 0.0217777 0.0220816 0.0223662 0.0226316 0.0228778 0.0231048 0.0233125 0.0235011 0.0236705 0.0238206 0.0239516 0.0240634 0.024156 0.0242294 0.0242837 0.0243188 0.0243347 0.0243315 0.0243091 0.0242676 0.024207 0.0241272 0.0240283 0.0239103 0.0237732 0.023617 0.0234417 0.0232473 0.0230339 0.0228014 0.0225499 0.0222794 0.0219898 0.0216812 0.0213536 0.0210071 0.0206415 0.020257 0.0198536 0.0194312 0.01899 0.0185298 0.0180507 0.0175528 0.017036 0.0165005 0.0159461 0.0153729 0.0147809 0.0141702 0.0135408 0.0128927 0.0122259 0.0115404 0.0108363 0.0101136 0.00937236 0.00861253 0.00783417 0.00703732 0.00622199 0.00538822 0.00453604 0.00366548 0.00277656 0.00186932 0.000943792 0 
0 0.000981522 0.00194333 0.00288543 0.00380782 0.0047105 0.00559346 0.0064567 0.00730024 0.00812406 0.00892816 0.00971255 0.0104772 0.0112222 0.0119474 0.0126529 0.0133387 0.0140048 0.0146512 0.0152778 0.0158848 0.016472 0.0170395 0.0175873 0.0181154 0.0186237 0.0191124 0.0195813 0.0200306 0.0204601 0.0208699 0.02126 0.0216304 0.0219812 0.0223122 0.0226235 0.0229151 0.0231871 0.0234393 0.0236719 0.0238848 0.024078 0.0242515 0.0244054 0.0245396 0.0246542 0.0247491 0.0248243 0.02488 0.0249159 0.0249323 0.024929 0.0249061 0.0248636 0.0248015 0.0247198 0.0246185 0.0244976 0.0243572 0.0241972 0.0240176 0.0238185 0.0235999 0.0233617 0.0231041 0.0228269 0.0225303 0.0222141 0.0218785 0.0215235 0.021149 0.0207551 0.0203418 0.0199091 0.019457 0.0189856 0.0184948 0.0179847 0.0174553 0.0169066 0.0163386 0.0157514 0.0151449 0.0145192 0.0138744 0.0132104 0.0125272 0.0118249 0.0111035 0.0103631 0.00960355 0.00882504 0.00802753 0.00721106 0.00637565 0.00552133 0.00464813 0.00375609 0.00284522 0.00191556 0.000967147 0 
0 0.00100402 0.00198788 0.00295157 0.00389511 0.00481848 0.00572169 0.00660473 0.00746761 0.00831032 0.00913287 0.00993525 0.0107175 0.0114795 0.0122214 0.0129431 0.0136446 0.014326 0.0149872 0.0156283 0.0162491 0.0168498 0.0174304 0.0179907 0.0185309 0.019051 0.0195509 0.0200306 0.0204901 0.0209295 0.0213488 0.0217478 0.0221268 0.0224856 0.0228242 0.0231427 0.023441 0.0237192 0.0239773 0.0242152 0.024433 0.0246307 0.0248082 0.0249656 0.0251029 0.0252202 0.0253173 0.0253943 0.0254512 0.025488 0.0255047 0.0255014 0.025478 0.0254346 0.0253711 0.0252875 0.0251839 0.0250603 0.0249167 0.024753 0.0245694 0.0243657 0.0241421 0.0238985 0.023635 0.0233515 0.0230481 0.0227247 0.0223814 0.0220183 0.0216352 0.0212323 0.0208096 0.020367 0.0199046 0.0194223 0.0189203 0.0183985 0.017857 0.0172957 0.0167147 0.016114 0.0154936 0.0148536 0.014194 0.0135147 0.0128159 0.0120974 0.0113595 0.010602 0.00982506 0.00902863 0.00821278 0.00737751 0.00652286 0.00564885 0.00475552 0.0038429 0.002911 0.00195987 0.000989523 0 
0 0.00102553 0.00203046 0.00301481 0.00397856 0.00492172 0.00584428 0.00674625 0.00762763 0.00848841 0.00932859 0.0101482 0.0109472 0.0117255 0.0124833 0.0132205 0.0139371 0.0146331 0.0153085 0.0159633 0.0165975 0.0172111 0.0178041 0.0183765 0.0189283 0.0194595 0.0199701 0.0204601 0.0209295 0.0213784 0.0218066 0.0222143 0.0226013 0.0229678 0.0233137 0.0236391 0.0239438 0.024228 0.0244916 0.0247347 0.0249572 0.0251591 0.0253405 0.0255013 0.0256416 0.0257613 0.0258605 0.0259392 0.0259974 0.026035 0.0260521 0.0260488 0.0260249 0.0259805 0.0259157 0.0258304 0.0257246 0.0255983 0.0254516 0.0252845 0.025097 0.024889 0.0246606 0.0244118 0.0241426 0.0238531 0.0235432 0.0232129 0.0228623 0.0224914 0.0221002 0.0216887 0.0212569 0.0208048 0.0203325 0.0198399 0.0193272 0.0187942 0.0182411 0.0176678 0.0170743 0.0164608 0.0158271 0.0151734 0.0144996 0.0138057 0.0130919 0.0123581 0.0116043 0.0108305 0.0100369 0.00922332 0.00838991 0.00753667 0.00666363 0.0057708 0.00485821 0.0039259 0.0029739 0.00200223 0.00101092 0 
0 0.00104605 0.00207109 0.00307514 0.00405818 0.00502021 0.00596124 0.00688127 0.00778029 0.00865831 0.00951531 0.0103513 0.0111663 0.0119603 0.0127332 0.0134852 0.0142162 0.0149261 0.015615 0.0162829 0.0169298 0.0175557 0.0181606 0.0187445 0.0193074 0.0198492 0.0203701 0.0208699 0.0213488 0.0218066 0.0222434 0.0226593 0.0230541 0.023428 0.0237808 0.0241127 0.0244236 0.0247135 0.0249824 0.0252303 0.0254573 0.0256633 0.0258483 0.0260124 0.0261555 0.0262777 0.0263789 0.0264592 0.0265185 0.026557 0.0265744 0.026571 0.0265467 0.0265015 0.0264354 0.0263483 0.0262405 0.0261117 0.0259621 0.0257917 0.0256004 0.0253883 0.0251553 0.0249016 0.024627 0.0243317 0.0240156 0.0236788 0.0233212 0.0229429 0.0225438 0.0221241 0.0216837 0.0212226 0.0207408 0.0202384 0.0197154 0.0191718 0.0186076 0.0180228 0.0174175 0.0167916 0.0161453 0.0154785 0.0147912 0.0140834 0.0133553 0.0126067 0.0118378 0.0110485 0.010239 0.00940909 0.00855894 0.00768855 0.00679794 0.00588715 0.0049562 0.00400511 0.00303392 0.00204265 0.00103133 0 
0 0.00106558 0.00210976 0.00313255 0.00413395 0.00511396 0.00607257 0.00700979 0.0079256 0.00882002 0.00969304 0.0105447 0.0113749 0.0121837 0.0129711 0.0137371 0.0144818 0.015205 0.0159068 0.0165872 0.0172462 0.0178838 0.0185 0.0190948 0.0196682 0.0202202 0.0207508 0.02126 0.0217478 0.0222143 0.0226593 0.0230829 0.0234852 0.023866 0.0242255 0.0245636 0.0248803 0.0251756 0.0254496 0.0257022 0.0259334 0.0261433 0.0263318 0.026499 0.0266448 0.0267692 0.0268724 0.0269542 0.0270147 0.0270538 0.0270717 0.0270682 0.0270435 0.0269974 0.0269301 0.0268415 0.0267316 0.0266005 0.0264481 0.0262745 0.0260796 0.0258636 0.0256263 0.0253678 0.0250882 0.0247874 0.0244654 0.0241223 0.023758 0.0233726 0.0229662 0.0225386 0.02209 0.0216203 0.0211295 0.0206178 0.020085 0.0195312 0.0189565 0.0183608 0.0177442 0.0171066 0.0164482 0.0157689 0.0150688 0.0143478 0.013606 0.0128435 0.0120602 0.0112561 0.0104314 0.00958593 0.00871985 0.00783313 0.00692581 0.00599792 0.00504947 0.00408051 0.00309105 0.00208113 0.00105077 0 
0 0.00108412 0.00214647 0.00318707 0.0042059 0.00520296 0.00617826 0.0071318 0.00806356 0.00897356 0.00986179 0.0107282 0.0115729 0.0123958 0.013197 0.0139764 0.0147339 0.0154698 0.0161838 0.0168761 0.0175466 0.0181953 0.0188223 0.0194275 0.0200109 0.0205725 0.0211124 0.0216305 0.0221268 0.0226013 0.0230541 0.0234852 0.0238944 0.024282 0.0246477 0.0249917 0.025314 0.0256145 0.0258932 0.0261502 0.0263855 0.0265991 0.0267909 0.026961 0.0271093 0.027236 0.027341 0.0274242 0.0274858 0.0275256 0.0275438 0.0275403 0.0275151 0.0274683 0.0273998 0.0273097 0.0271979 0.0270645 0.0269095 0.0267329 0.0265347 0.0263149 0.0260735 0.0258106 0.0255261 0.02522 0.0248925 0.0245434 0.0241728 0.0237808 0.0233672 0.0229322 0.0224758 0.0219979 0.0214986 0.020978 0.0204359 0.0198725 0.0192878 0.0186817 0.0180544 0.0174057 0.0167359 0.0160447 0.0153324 0.0145988 0.0138441 0.0130683 0.0122713 0.0114532 0.0106141 0.00975386 0.00887263 0.00797042 0.00704722 0.00610309 0.00513804 0.0041521 0.0031453 0.00211766 0.00106922 0 
0 0.00110167 0.00218123 0.00323867 0.00427401 0.00528722 0.00627832 0.00724731 0.00819417 0.00911892 0.0100215 0.010902 0.0117604 0.0125967 0.0134108 0.0142028 0.0149727 0.0157205 0.0164461 0.0171496 0.017831 0.0184902 0.0191274 0.0197424 0.0203353 0.020906 0.0214547 0.0219812 0.0224856 0.0229678 0.023428 0.023866 0.024282 0.0246758 0.0250475 0.0253971 0.0257246 0.02603 0.0263133 0.0265745 0.0268136 0.0270306 0.0272256 0.0273984 0.0275492 0.027678 0.0277846 0.0278693 0.0279318 0.0279724 0.0279909 0.0279873 0.0279618 0.0279142 0.0278446 0.0277531 0.0276395 0.027504 0.0273465 0.027167 0.0269656 0.0267423 0.026497 0.0262298 0.0259407 0.0256297 0.0252969 0.0249422 0.0245656 0.0241672 0.023747 0.0233049 0.0228411 0.0223555 0.0218482 0.0213191 0.0207682 0.0201957 0.0196015 0.0189856 0.0183481 0.017689 0.0170082 0.0163059 0.015582 0.0148365 0.0140696 0.0132811 0.0124712 0.0116398 0.010787 0.00991286 0.0090173 0.0081004 0.00716218 0.00620267 0.0052219 0.00421988 0.00319666 0.00215225 0.00108669 0 
0 0.00111823 0.00221403 0.00328737 0.00433828 0.00536674 0.00637275 0.00735632 0.00831743 0.0092561 0.0101723 0.0110661 0.0119374 0.0127862 0.0136126 0.0144166 0.015198 0.0159571 0.0166936 0.0174078 0.0180994 0.0187686 0.0194153 0.0200396 0.0206414 0.0212208 0.0217777 0.0223122 0.0228242 0.0233137 0.0237808 0.0242255 0.0246477 0.0250475 0.0254248 0.0257797 0.0261121 0.0264221 0.0267097 0.0269749 0.0272176 0.0274379 0.0276358 0.0278113 0.0279644 0.0280951 0.0282034 0.0282893 0.0283529 0.028394 0.0284128 0.0284093 0.0283834 0.0283351 0.0282645 0.0281716 0.0280563 0.0279188 0.0277589 0.0275768 0.0273723 0.0271456 0.0268967 0.0266255 0.0263321 0.0260164 0.0256786 0.0253185 0.0249363 0.0245319 0.0241054 0.0236567 0.0231859 0.022693 0.0221781 0.021641 0.0210819 0.0205008 0.0198976 0.0192725 0.0186254 0.0179563 0.0172653 0.0165524 0.0158176 0.0150609 0.0142824 0.013482 0.0126599 0.011816 0.0109503 0.0100629 0.00915384 0.00822309 0.00727068 0.00629666 0.00530104 0.00428386 0.00324513 0.0021849 0.00110318 0 
0 0.00113381 0.00224487 0.00333317 0.00439872 0.00544151 0.00646155 0.00745883 0.00843334 0.0093851 0.0103141 0.0112203 0.0121038 0.0129645 0.0138024 0.0146176 0.01541 0.0161796 0.0169264 0.0176505 0.0183518 0.0190304 0.0196862 0.0203192 0.0209294 0.0215169 0.0220816 0.0226235 0.0231427 0.0236391 0.0241127 0.0245636 0.0249917 0.0253971 0.0257797 0.0261395 0.0264766 0.026791 0.0270826 0.0273515 0.0275976 0.027821 0.0280217 0.0281997 0.028355 0.0284875 0.0285973 0.0286845 0.0287489 0.0287907 0.0288097 0.0288061 0.0287799 0.028731 0.0286594 0.0285652 0.0284484 0.0283089 0.0281468 0.0279622 0.0277549 0.0275251 0.0272727 0.0269977 0.0267002 0.0263802 0.0260376 0.0256726 0.025285 0.024875 0.0244425 0.0239876 0.0235103 0.0230105 0.0224883 0.0219438 0.0213769 0.0207877 0.0201761 0.0195423 0.0188861 0.0182077 0.0175071 0.0167842 0.0160391 0.0152719 0.0144825 0.013671 0.0128373 0.0119816 0.0111039 0.0102041 0.00928226 0.00833847 0.00737272 0.00638505 0.00537547 0.00434402 0.00329072 0.0022156 0.00111868 0 
0 0.0011484 0.00227375 0.00337606 0.00445533 0.00551154 0.00654472 0.00755484 0.00854191 0.00950592 0.0104469 0.0113648 0.0122596 0.0131314 0.0139802 0.0148058 0.0156085 0.016388 0.0171445 0.0178779 0.0185883 0.0192756 0.0199398 0.020581 0.0211991 0.0217942 0.0223662 0.0229151 0.023441 0.0239438 0.0244236 0.0248803 0.025314 0.0257246 0.0261121 0.0264766 0.0268181 0.0271365 0.0274319 0.0277043 0.0279536 0.02818 0.0283832 0.0285635 0.0287208 0.0288551 0.0289663 0.0290546 0.0291199 0.0291622 0.0291816 0.0291779 0.0291514 0.0291018 0.0290294 0.028934 0.0288156 0.0286744 0.0285102 0.0283232 0.0281133 0.0278805 0.0276249 0.0273464 0.0270451 0.0267209 0.026374 0.0260042 0.0256117 0.0251964 0.0247584 0.0242976 0.0238141 0.0233079 0.022779 0.0222275 0.0216533 0.0210565 0.020437 0.019795 0.0191304 0.0184432 0.0177336 0.0170014 0.0162467 0.0154696 0.01467 0.013848 0.0130036 0.0121368 0.0112477 0.0103363 0.00940254 0.00844655 0.0074683 0.00646784 0.00544519 0.00440038 0.00333342 0.00224436 0.00113321 0 
0 0.00116199 0.00230068 0.00341605 0.0045081 0.00557683 0.00662225 0.00764435 0.00864312 0.00961857 0.0105707 0.0114995 0.012405 0.0132871 0.0141459 0.0149814 0.0157935 0.0165824 0.0173478 0.01809 0.0188088 0.0195043 0.0201764 0.0208252 0.0214507 0.0220528 0.0226316 0.0231871 0.0237192 0.024228 0.0247135 0.0251756 0.0256145 0.02603 0.0264221 0.026791 0.0271365 0.0274588 0.0277577 0.0280333 0.0282856 0.0285146 0.0287204 0.0289028 0.029062 0.0291978 0.0293105 0.0293998 0.0294659 0.0295087 0.0295283 0.0295247 0.0294978 0.0294477 0.0293744 0.0292778 0.0291581 0.0290152 0.0288492 0.0286599 0.0284475 0.028212 0.0279533 0.0276716 0.0273667 0.0270387 0.0266876 0.0263135 0.0259163 0.0254961 0.0250529 0.0245867 0.0240974 0.0235852 0.0230501 0.022492 0.021911 0.0213071 0.0206803 0.0200307 0.0193582 0.0186629 0.0179448 0.0172039 0.0164402 0.0156539 0.0148448 0.014013 0.0131586 0.0122815 0.0113818 0.0104595 0.0095147 0.00854732 0.00755742 0.00654504 0.0055102 0.00445292 0.00337323 0.00227117 0.00114675 0 
0 0.0011746 0.00232565 0.00345313 0.00455704 0.00563738 0.00669416 0.00772736 0.00873699 0.00972305 0.0106855 0.0116244 0.0125397 0.0134315 0.0142996 0.0151442 0.0159652 0.0167626 0.0175364 0.0182866 0.0190133 0.0197163 0.0203958 0.0210517 0.021684 0.0222927 0.0228778 0.0234393 0.0239773 0.0244916 0.0249824 0.0254496 0.0258932 0.0263133 0.0267097 0.0270826 0.0274319 0.0277577 0.0280599 0.0283385 0.0285936 0.0288251 0.0290331 0.0292176 0.0293785 0.0295158 0.0296297 0.02972 0.0297868 0.0298302 0.02985 0.0298463 0.0298192 0.0297685 0.0296944 0.0295969 0.0294759 0.0293314 0.0291636 0.0289723 0.0287576 0.0285195 0.028258 0.0279732 0.027665 0.0273335 0.0269786 0.0266004 0.0261989 0.0257742 0.0253261 0.0248548 0.0243603 0.0238425 0.0233016 0.0227374 0.0221501 0.0215396 0.020906 0.0202493 0.0195695 0.0188666 0.0181407 0.0173917 0.0166198 0.0158248 0.0150069 0.0141661 0.0133024 0.0124157 0.0115062 0.0105739 0.00961873 0.00864078 0.00764008 0.00661664 0.00557049 0.00450165 0.00341016 0.00229603 0.0011593 0 
